2e-08 -31.23019381851324
3e-08 -31.26371577525243
4e-08 -31.23805620789099
5.0000000000000004e-08 -31.237528509272103
6e-08 -31.269494418647643
7e-08 -31.206100378082002
8e-08 -31.224583598700562
9.000000000000001e-08 -31.240001897904982
1.0000000000000001e-07 -31.290969667524624
1.1000000000000002e-07 -31.251886997940414
1.2e-07 -31.19951870706419
1.3e-07 -31.199220881508246
1.3999999999999998e-07 -31.25592803524273
1.4999999999999997e-07 -31.255401628723835
1.5999999999999995e-07 -31.22244229267488
1.6999999999999996e-07 -31.197151781006287
1.7999999999999994e-07 -31.249793250331443
1.8999999999999993e-07 -31.215290631415183
1.999999999999999e-07 -31.209094253221544
2.0999999999999992e-07 -31.255031676173594
2.199999999999999e-07 -31.224410956444327
2.299999999999999e-07 -31.199267488506905
2.399999999999999e-07 -31.24257109068513
2.4999999999999994e-07 -31.241057092393334
2.5999999999999995e-07 -31.215036790689762
2.6999999999999996e-07 -31.2473986339108
2.7999999999999997e-07 -31.19836853838581
2.9e-07 -31.19655186323638
3e-07 -31.202325828936036
3.1e-07 -31.231166000843785
3.2e-07 -31.260877195018733
3.3e-07 -31.246856130391826
3.4000000000000003e-07 -31.21923711020459
3.500000000000001e-07 -31.249511690137155
3.600000000000001e-07 -31.213796159910956
3.700000000000001e-07 -31.258341612208923
3.800000000000001e-07 -31.235089906132387
3.9000000000000013e-07 -31.2532031043308
4.0000000000000014e-07 -31.233054134835456
4.1000000000000015e-07 -31.23578274160607
4.2000000000000016e-07 -31.225637108000324
4.3000000000000017e-07 -31.195411257153655
4.400000000000002e-07 -31.202598810741748
4.500000000000002e-07 -31.23098844694972
4.600000000000002e-07 -31.230861443704548
4.7000000000000016e-07 -31.19211192209358
4.800000000000001e-07 -31.201535968118545
4.900000000000001e-07 -31.258541631667057
5.000000000000001e-07 -31.268310862024574
5.1e-07 -31.22815480522286
5.2e-07 -31.231870784588672
5.299999999999999e-07 -31.22809501716323
5.399999999999999e-07 -31.245646988761067
5.499999999999998e-07 -31.203544223566112
5.599999999999998e-07 -31.26401746943078
5.699999999999998e-07 -31.21131503641879
5.799999999999997e-07 -31.230156576241892
5.899999999999998e-07 -31.195623764697487
5.999999999999997e-07 -31.220728582103938
6.099999999999997e-07 -31.205333482661175
6.199999999999996e-07 -31.23870214560977
6.299999999999996e-07 -31.236859740220897
6.399999999999996e-07 -31.245773328677338
6.499999999999995e-07 -31.27020996126272
6.599999999999995e-07 -31.26386604115538
6.699999999999994e-07 -31.241502696949034
6.799999999999994e-07 -31.221949163466245
6.899999999999994e-07 -31.223154253722342
6.999999999999993e-07 -31.21427760742724
7.099999999999993e-07 -31.239394482944082
7.199999999999992e-07 -31.237001637433757
7.299999999999993e-07 -31.244960151964417
7.399999999999992e-07 -31.213285048672468
7.499999999999992e-07 -31.21595567072276
7.599999999999992e-07 -31.24879675894068
7.699999999999991e-07 -31.27138639459953
7.799999999999991e-07 -31.27068441310934
7.89999999999999e-07 -31.226252143068127
7.99999999999999e-07 -31.255556680519522
8.099999999999989e-07 -31.24211413381441
8.199999999999989e-07 -31.21581036747604
8.299999999999989e-07 -31.222948609065842
8.399999999999988e-07 -31.210533083056294
8.499999999999988e-07 -31.21046428286536
8.599999999999988e-07 -31.231381341155643
8.699999999999988e-07 -31.241858158544318
8.799999999999987e-07 -31.221879506004594
8.899999999999987e-07 -31.234720367159767
8.999999999999987e-07 -31.21813090337786
9.099999999999986e-07 -31.251573568163934
9.199999999999986e-07 -31.263060039210263
9.299999999999985e-07 -31.226752509059367
9.399999999999985e-07 -31.29021997508676
9.499999999999985e-07 -31.23941370881463
9.599999999999984e-07 -31.221623833195494
9.699999999999983e-07 -31.203271367945227
9.799999999999985e-07 -31.23992809869374
9.899999999999984e-07 -31.250639207501106
9.999999999999983e-07 -31.226777687025976
1.0099999999999982e-06 -31.252138742014722
1.0199999999999983e-06 -31.22799428470906
1.0299999999999982e-06 -31.224779964417426
1.039999999999998e-06 -31.21878277712658
1.0499999999999982e-06 -31.23085938306681
1.0599999999999981e-06 -31.226782327281768
1.069999999999998e-06 -31.21936164328249
1.0799999999999981e-06 -31.216063647728074
1.089999999999998e-06 -31.23345024905525
1.099999999999998e-06 -31.216424324409807
1.1099999999999978e-06 -31.261869814189083
1.119999999999998e-06 -31.217669773386437
1.1299999999999979e-06 -31.18269673068583
1.1399999999999978e-06 -31.207039956847325
1.1499999999999979e-06 -31.246996286091665
1.1599999999999978e-06 -31.195211561863967
1.1699999999999977e-06 -31.22734763347015
1.1799999999999976e-06 -31.238136105792144
1.1899999999999977e-06 -31.2648134756789
1.1999999999999976e-06 -31.22569098616434
1.2099999999999975e-06 -31.222393377591292
1.2199999999999976e-06 -31.20060596979016
1.2299999999999975e-06 -31.249984154723496
1.2399999999999974e-06 -31.228912412119477
1.2499999999999973e-06 -31.212057114160263
1.2599999999999975e-06 -31.22201144954367
1.2699999999999974e-06 -31.273408819108255
1.2799999999999973e-06 -31.199990127105224
1.2899999999999974e-06 -31.227340770965082
1.2999999999999973e-06 -31.195294750955036
1.3099999999999972e-06 -31.23379081974929
1.319999999999997e-06 -31.251519327617313
1.3299999999999972e-06 -31.242317332678834
1.3399999999999971e-06 -31.239370178664423
1.349999999999997e-06 -31.277246358097454
1.3599999999999971e-06 -31.244224211846607
1.369999999999997e-06 -31.194773627191466
1.379999999999997e-06 -31.2505151142008
1.3899999999999969e-06 -31.2668099485031
1.399999999999997e-06 -31.24219204300142
1.4099999999999969e-06 -31.20844429730533
1.4199999999999968e-06 -31.266491479747557
1.429999999999997e-06 -31.224571388108746
1.4399999999999968e-06 -31.227622346566925
1.4499999999999967e-06 -31.213213150862302
1.4599999999999966e-06 -31.23822391481865
1.4699999999999967e-06 -31.231702247666494
1.4799999999999966e-06 -31.246452863925132
1.4899999999999965e-06 -31.245399377095495
1.4999999999999966e-06 -31.228658220928022
1.5099999999999966e-06 -31.242388626550348
1.5199999999999965e-06 -31.2613131325206
1.5299999999999964e-06 -31.23354222759724
1.5399999999999965e-06 -31.2408771688446
1.5499999999999964e-06 -31.246604431640698
1.5599999999999963e-06 -31.212284021166322
1.5699999999999964e-06 -31.268369677020946
1.5799999999999963e-06 -31.248834111290833
1.5899999999999962e-06 -31.240277085824605
1.5999999999999961e-06 -31.209824566324517
1.6099999999999962e-06 -31.237653133997895
1.6199999999999961e-06 -31.251776386156635
1.629999999999996e-06 -31.167872609346418
1.6399999999999962e-06 -31.22317928790557
1.649999999999996e-06 -31.188390725690134
1.659999999999996e-06 -31.262932829209642
1.669999999999996e-06 -31.246399185936234
1.679999999999996e-06 -31.23074627180352
1.6899999999999959e-06 -31.246840848643874
1.6999999999999958e-06 -31.19307730649146
1.709999999999996e-06 -31.22922186789516
1.7199999999999958e-06 -31.21712568718844
1.7299999999999957e-06 -31.20818119244977
1.7399999999999958e-06 -31.19583369605147
1.7499999999999957e-06 -31.230305634327664
1.7599999999999956e-06 -31.251662775012072
1.7699999999999955e-06 -31.22582055240849
1.7799999999999959e-06 -31.253201774641287
1.789999999999996e-06 -31.24898488692469
1.7999999999999961e-06 -31.234023548253855
1.8099999999999962e-06 -31.249296075386216
1.8199999999999963e-06 -31.2061460479199
1.8299999999999967e-06 -31.226602119395675
1.8399999999999968e-06 -31.221213214954762
1.849999999999997e-06 -31.19400780088997
1.859999999999997e-06 -31.21138828405291
1.8699999999999973e-06 -31.224088051499372
1.8799999999999975e-06 -31.19874631334109
1.8899999999999976e-06 -31.188358974509143
1.8999999999999977e-06 -31.22351449112937
1.909999999999998e-06 -31.22421659965866
1.919999999999998e-06 -31.26787283882791
1.929999999999998e-06 -31.230853873654013
1.9399999999999984e-06 -31.249710549918625
1.9499999999999987e-06 -31.24208024074934
1.9599999999999986e-06 -31.21069625984816
1.969999999999999e-06 -31.24305676393771
1.979999999999999e-06 -31.21491394431232
1.989999999999999e-06 -31.21807003923429
1.9999999999999995e-06 -31.24442704791152
2.0099999999999994e-06 -31.228264594166433
2.0199999999999997e-06 -31.218346409749433
2.03e-06 -31.226301576012183
2.04e-06 -31.212476970354253
2.0500000000000003e-06 -31.206645450025565
2.06e-06 -31.249642313914766
2.0700000000000005e-06 -31.221325692471165
2.080000000000001e-06 -31.27039748980353
2.0900000000000007e-06 -31.224842485656335
2.100000000000001e-06 -31.280826328916145
2.110000000000001e-06 -31.21794411709412
2.1200000000000013e-06 -31.272777749211805
2.1300000000000016e-06 -31.255489603962268
2.1400000000000015e-06 -31.239298808864007
2.150000000000002e-06 -31.238595152560833
2.1600000000000018e-06 -31.2406670809599
2.170000000000002e-06 -31.250313387008053
2.1800000000000024e-06 -31.27769188107277
2.1900000000000023e-06 -31.213345340437535
2.2000000000000027e-06 -31.224066360048898
2.210000000000003e-06 -31.226765799396027
2.220000000000003e-06 -31.199327567015324
2.2300000000000032e-06 -31.189049511999585
2.240000000000003e-06 -31.223421548532528
2.2500000000000034e-06 -31.17251232192405
2.2600000000000038e-06 -31.246013355494707
2.2700000000000037e-06 -31.219026819363567
2.280000000000004e-06 -31.209652294305148
2.290000000000004e-06 -31.2037242443151
2.3000000000000042e-06 -31.235770492920146
2.3100000000000046e-06 -31.196211025008825
2.3200000000000045e-06 -31.231485694875804
2.330000000000005e-06 -31.229979708190598
2.3400000000000047e-06 -31.195481614824754
2.350000000000005e-06 -31.22525922606374
2.3600000000000054e-06 -31.22774550213079
2.3700000000000053e-06 -31.231521124159755
2.3800000000000056e-06 -31.201109303452267
2.3900000000000055e-06 -31.26204452092284
2.400000000000006e-06 -31.25458214824292
2.410000000000006e-06 -31.202373668920988
2.420000000000006e-06 -31.21436651200082
2.4300000000000064e-06 -31.214086132049147
2.4400000000000067e-06 -31.2010616119623
2.4500000000000066e-06 -31.199291074722804
2.460000000000007e-06 -31.218823694119482
2.470000000000007e-06 -31.17718624900244
2.480000000000007e-06 -31.242766571873375
2.4900000000000075e-06 -31.240623369861904
2.5000000000000074e-06 -31.254795478433536
2.5100000000000077e-06 -31.200118955672313
2.5200000000000076e-06 -31.205094988897237
2.530000000000008e-06 -31.266672661075923
2.5400000000000083e-06 -31.23046056179585
2.550000000000008e-06 -31.25033468600036
2.5600000000000085e-06 -31.203970488284334
2.5700000000000084e-06 -31.243753066117186
2.5800000000000088e-06 -31.246933089885484
2.590000000000009e-06 -31.194618500121987
2.600000000000009e-06 -31.253505549878234
2.6100000000000093e-06 -31.19883233883334
2.6200000000000096e-06 -31.179911783453473
2.6300000000000095e-06 -31.263767582041243
2.64000000000001e-06 -31.236818416004414
2.6500000000000098e-06 -31.23664852231417
2.66000000000001e-06 -31.246347481483937
2.6700000000000104e-06 -31.25752946042048
2.6800000000000103e-06 -31.230023846732497
2.6900000000000107e-06 -31.265649021046674
2.7000000000000106e-06 -31.238135212307203
2.710000000000011e-06 -31.252806237367118
2.7200000000000112e-06 -31.222706131398343
2.730000000000011e-06 -31.247531108960306
2.7400000000000115e-06 -31.23374651468741
2.7500000000000114e-06 -31.2286773010113
2.7600000000000117e-06 -31.19862084650613
2.770000000000012e-06 -31.24501874853876
2.780000000000012e-06 -31.219767785608923
2.7900000000000123e-06 -31.247072024118587
2.800000000000012e-06 -31.25562903724962
2.8100000000000125e-06 -31.23892505496075
2.820000000000013e-06 -31.24371670814583
2.8300000000000127e-06 -31.200665847143696
2.840000000000013e-06 -31.223211900647048
2.8500000000000134e-06 -31.27182280552365
2.8600000000000133e-06 -31.196854575062307
2.8700000000000136e-06 -31.220429367295786
2.8800000000000135e-06 -31.216446973051863
2.890000000000014e-06 -31.236735160576234
2.900000000000014e-06 -31.21691953165302
2.910000000000014e-06 -31.225330223041965
2.9200000000000144e-06 -31.24501179510871
2.9300000000000143e-06 -31.25443707276031
2.9400000000000146e-06 -31.208778956390766
2.950000000000015e-06 -31.20885149816071
2.960000000000015e-06 -31.234625675340947
2.970000000000015e-06 -31.217741159648114
2.980000000000015e-06 -31.251338844133077
2.9900000000000154e-06 -31.2061859354878
3.0000000000000157e-06 -31.242073695800222
3.0100000000000157e-06 -31.286992544346667
3.020000000000016e-06 -31.239922615893562
3.0300000000000163e-06 -31.25498496092273
3.040000000000016e-06 -31.22761289339192
3.0500000000000165e-06 -31.240107398118976
3.0600000000000164e-06 -31.233344750853643
3.0700000000000168e-06 -31.22914339029149
3.080000000000017e-06 -31.25846689015674
3.090000000000017e-06 -31.250906648487312
3.1000000000000173e-06 -31.234012027565065
3.1100000000000172e-06 -31.215896740897538
3.1200000000000176e-06 -31.248245427953385
3.130000000000018e-06 -31.217595654441006
3.140000000000018e-06 -31.207764254250126
3.150000000000018e-06 -31.22615601061754
3.160000000000018e-06 -31.22350954963122
3.1700000000000184e-06 -31.242226680500607
3.1800000000000187e-06 -31.225488491177963
3.1900000000000186e-06 -31.260803545487477
3.200000000000019e-06 -31.252403000981214
3.210000000000019e-06 -31.220497653815734
3.220000000000019e-06 -31.30494097203961
3.2300000000000195e-06 -31.206946889975846
3.2400000000000194e-06 -31.245646900169838
3.2500000000000197e-06 -31.221882830631444
3.26000000000002e-06 -31.22875034047607
3.27000000000002e-06 -31.21139239070187
3.2800000000000203e-06 -31.19992212810278
3.29000000000002e-06 -31.24487731537675
3.3000000000000205e-06 -31.241574345700542
3.310000000000021e-06 -31.221884234506355
3.3200000000000207e-06 -31.23053199232721
3.330000000000021e-06 -31.238627599999123
3.340000000000021e-06 -31.236873995105732
3.3500000000000213e-06 -31.189738363569642
3.3600000000000216e-06 -31.24473038001849
3.3700000000000215e-06 -31.1855203923649
3.380000000000022e-06 -31.21428334618179
3.3900000000000218e-06 -31.18363374284402
3.400000000000022e-06 -31.187136263988634
3.4100000000000224e-06 -31.226651555057387
3.4200000000000223e-06 -31.21042501822615
3.4300000000000226e-06 -31.217381941969304
3.440000000000023e-06 -31.234475949240995
3.450000000000023e-06 -31.243400618562166
3.460000000000023e-06 -31.2304634915991
3.470000000000023e-06 -31.239772276557908
3.4800000000000234e-06 -31.208363758194928
3.4900000000000238e-06 -31.2260812713865
3.5000000000000237e-06 -31.224198479696796
3.510000000000024e-06 -31.216136415559948
3.520000000000024e-06 -31.207637077387215
3.5300000000000242e-06 -31.20809700042807
3.5400000000000246e-06 -31.249646144893763
3.5500000000000245e-06 -31.242307324182093
3.5600000000000248e-06 -31.224374698825397
3.5700000000000247e-06 -31.191571555010672
3.580000000000024e-06 -31.233215499449837
3.590000000000024e-06 -31.226727294315936
3.600000000000024e-06 -31.24457500524727
3.6100000000000235e-06 -31.24037103764317
3.6200000000000234e-06 -31.191371526954857
3.6300000000000233e-06 -31.236867293533827
3.6400000000000227e-06 -31.18432215251684
3.6500000000000227e-06 -31.25025301309288
3.6600000000000226e-06 -31.185852713653325
3.670000000000022e-06 -31.21215262491206
3.680000000000022e-06 -31.196859745182255
3.690000000000022e-06 -31.220548994987777
3.7000000000000213e-06 -31.209536953672682
3.7100000000000212e-06 -31.244198148876443
3.720000000000021e-06 -31.228958531440064
3.7300000000000206e-06 -31.20525961827398
3.7400000000000205e-06 -31.241416384833478
3.7500000000000204e-06 -31.21341882646201
3.76000000000002e-06 -31.245342186662374
3.77000000000002e-06 -31.222027110082475
3.7800000000000197e-06 -31.191705727836997
3.790000000000019e-06 -31.207250899917423
3.800000000000019e-06 -31.1809868508054
3.810000000000019e-06 -31.24840592371115
3.8200000000000185e-06 -31.223292908024934
3.830000000000018e-06 -31.20666224284705
3.840000000000018e-06 -31.208007459881763
3.850000000000018e-06 -31.236365905870464
3.860000000000018e-06 -31.25242840432281
3.870000000000017e-06 -31.17361021376248
3.880000000000017e-06 -31.234873792539318
3.890000000000017e-06 -31.266708297238004
3.900000000000017e-06 -31.236807348373635
3.910000000000017e-06 -31.223983695310668
3.920000000000017e-06 -31.226913984860044
3.930000000000016e-06 -31.206867680345407
3.940000000000016e-06 -31.214012535650774
3.9500000000000155e-06 -31.2220598710592
3.9600000000000154e-06 -31.172946692859554
3.970000000000015e-06 -31.195140660793072
3.980000000000015e-06 -31.300629194252778
3.990000000000015e-06 -31.23064721557998
4.000000000000014e-06 -31.263471463247196
4.010000000000014e-06 -31.216071102692556
4.020000000000014e-06 -31.20420623464907
4.030000000000014e-06 -31.22215695245365
4.040000000000014e-06 -31.252357548391625
4.050000000000014e-06 -31.22236345032045
4.060000000000013e-06 -31.23961052646558
4.070000000000013e-06 -31.26312574857396
4.080000000000013e-06 -31.28406794601444
4.0900000000000125e-06 -31.200652509324577
4.100000000000012e-06 -31.231077760535136
4.110000000000012e-06 -31.23024605497805
4.120000000000011e-06 -31.239140027470224
4.130000000000011e-06 -31.228502738738886
4.140000000000011e-06 -31.200285212224916
4.150000000000011e-06 -31.253022703041214
4.160000000000011e-06 -31.23459514914732
4.170000000000011e-06 -31.195093975345486
4.18000000000001e-06 -31.224154969481393
4.19000000000001e-06 -31.26031472948821
4.20000000000001e-06 -31.239762249026274
4.21000000000001e-06 -31.27327937762731
4.2200000000000096e-06 -31.216427058881173
4.2300000000000095e-06 -31.22629762204285
4.2400000000000085e-06 -31.188170139792287
4.2500000000000084e-06 -31.224715165038283
4.260000000000008e-06 -31.221946908497202
4.270000000000008e-06 -31.24106309418158
4.280000000000008e-06 -31.240663406310695
4.290000000000008e-06 -31.256389297612603
4.300000000000008e-06 -31.24594883006449
4.310000000000007e-06 -31.246596504943657
4.320000000000007e-06 -31.204975579889734
4.330000000000007e-06 -31.18791589691279
4.340000000000007e-06 -31.209686094481768
4.350000000000007e-06 -31.21687737527638
4.3600000000000065e-06 -31.204336997034456
4.370000000000006e-06 -31.239509117258777
4.3800000000000055e-06 -31.233853103900973
4.390000000000005e-06 -31.25890569371974
4.400000000000005e-06 -31.203671303997066
4.410000000000005e-06 -31.216835053818475
4.420000000000005e-06 -31.20660596324688
4.430000000000004e-06 -31.212388559732034
4.440000000000004e-06 -31.19616824119726
4.450000000000004e-06 -31.232381063604493
4.460000000000004e-06 -31.221522157363356
4.470000000000004e-06 -31.24809266924423
4.480000000000004e-06 -31.30981440301395
4.490000000000003e-06 -31.174615174588375
4.500000000000003e-06 -31.238086420528628
4.5100000000000026e-06 -31.203084857240004
4.5200000000000025e-06 -31.246718005420014
4.530000000000002e-06 -31.23687520504169
4.540000000000002e-06 -31.22224542643941
4.550000000000002e-06 -31.2487143214667
4.560000000000001e-06 -31.244063804041758
4.570000000000001e-06 -31.20934066648354
4.580000000000001e-06 -31.230576507666655
4.590000000000001e-06 -31.228557519893148
4.600000000000001e-06 -31.240483183823322
4.610000000000001e-06 -31.238297769770515
4.62e-06 -31.2612438023031
4.63e-06 -31.251886580195887
4.64e-06 -31.236751007468282
4.6499999999999995e-06 -31.24943207024957
4.6599999999999994e-06 -31.24591427288488
4.669999999999999e-06 -31.2534280478675
4.679999999999998e-06 -31.269980524694514
4.689999999999998e-06 -31.24481313504544
4.699999999999998e-06 -31.23058092571331
4.709999999999998e-06 -31.23148374806575
4.719999999999998e-06 -31.230278167055864
4.729999999999998e-06 -31.245632293527734
4.739999999999997e-06 -31.218119814068945
4.749999999999997e-06 -31.21848013427726
4.759999999999997e-06 -31.247604941703024
4.769999999999997e-06 -31.206944580449523
4.779999999999997e-06 -31.259249009109116
4.7899999999999965e-06 -31.218497864542723
4.7999999999999955e-06 -31.1864798883251
4.8099999999999955e-06 -31.21383324319195
4.819999999999995e-06 -31.21608186937578
4.829999999999995e-06 -31.23365480225838
4.839999999999995e-06 -31.230422393958417
4.849999999999995e-06 -31.213825096604726
4.859999999999995e-06 -31.221409482939155
4.869999999999994e-06 -31.261915757032554
4.879999999999994e-06 -31.189619237532963
4.889999999999994e-06 -31.21059249892698
4.899999999999994e-06 -31.225026435207713
4.909999999999994e-06 -31.242528741079767
4.9199999999999936e-06 -31.245668186648583
4.929999999999993e-06 -31.23360979364153
4.9399999999999925e-06 -31.211773163597474
4.949999999999992e-06 -31.24014122463653
4.959999999999992e-06 -31.243413425107878
4.969999999999992e-06 -31.235555204621626
4.979999999999992e-06 -31.237429509057655
4.989999999999991e-06 -31.214927156506498
4.999999999999991e-06 -31.22953425016011
5.009999999999991e-06 -31.213122763419598
5.019999999999991e-06 -31.26102264180677
5.029999999999991e-06 -31.208891129408233
5.039999999999991e-06 -31.240597613478005
5.04999999999999e-06 -31.229449363127905
5.05999999999999e-06 -31.183606557199358
5.0699999999999896e-06 -31.291069514932055
5.0799999999999895e-06 -31.19940138525415
5.089999999999989e-06 -31.241138935204834
5.099999999999989e-06 -31.259035801715086
5.109999999999988e-06 -31.269082334820666
5.119999999999988e-06 -31.254746981914003
5.129999999999988e-06 -31.229403777096394
5.139999999999988e-06 -31.20908900632444
5.149999999999988e-06 -31.226836793172346
5.159999999999988e-06 -31.23942597632101
5.169999999999988e-06 -31.19223883027803
5.179999999999987e-06 -31.240610663600304
5.189999999999987e-06 -31.225917376637685
5.199999999999987e-06 -31.215554648121266
5.2099999999999865e-06 -31.184471963647567
5.2199999999999864e-06 -31.275664414966982
5.229999999999986e-06 -31.25218847491171
5.239999999999985e-06 -31.24171828945756
5.249999999999985e-06 -31.22974432006722
5.259999999999985e-06 -31.218700084569186
5.269999999999985e-06 -31.210447931417445
5.279999999999985e-06 -31.22046949116142
5.289999999999985e-06 -31.253887487118035
5.299999999999984e-06 -31.221105875028176
5.309999999999984e-06 -31.248684955615573
5.319999999999984e-06 -31.22623481351129
5.329999999999984e-06 -31.19878315837073
5.339999999999984e-06 -31.22091899728282
5.3499999999999835e-06 -31.244654495928884
5.3599999999999826e-06 -31.24860835462378
5.3699999999999825e-06 -31.234758804608514
5.379999999999982e-06 -31.257432788948872
5.389999999999982e-06 -31.198558019087127
5.399999999999982e-06 -31.28271187239521
5.409999999999982e-06 -31.2416557078309
5.419999999999982e-06 -31.216371918447
5.429999999999981e-06 -31.2587934891885
5.439999999999981e-06 -31.19706377709385
5.449999999999981e-06 -31.245796509193084
5.459999999999981e-06 -31.235886616323572
5.469999999999981e-06 -31.272615843088445
5.4799999999999806e-06 -31.22968290632529
5.48999999999998e-06 -31.19914442111644
5.4999999999999795e-06 -31.223527662170202
5.5099999999999794e-06 -31.198755893186355
5.519999999999979e-06 -31.22071017213918
5.529999999999979e-06 -31.23175800051715
5.539999999999979e-06 -31.26416582269439
5.549999999999978e-06 -31.211090804206396
5.559999999999978e-06 -31.227210538494287
5.569999999999978e-06 -31.222312956063593
5.579999999999978e-06 -31.2175298264236
5.589999999999978e-06 -31.22469331954218
5.599999999999978e-06 -31.283673399809878
5.609999999999977e-06 -31.262243844616766
5.619999999999977e-06 -31.203156532003412
5.629999999999977e-06 -31.28066234392014
5.6399999999999765e-06 -31.257717931071863
5.649999999999976e-06 -31.206359133612764
5.659999999999976e-06 -31.243125203838236
5.669999999999975e-06 -31.23904494856573
5.679999999999975e-06 -31.239136709395158
5.689999999999975e-06 -31.233516547852602
5.699999999999975e-06 -31.223802755424984
5.709999999999975e-06 -31.200459941735115
5.719999999999975e-06 -31.24525622916044
5.729999999999975e-06 -31.215312163426283
5.739999999999974e-06 -31.226339043920937
5.749999999999974e-06 -31.23097621112502
5.759999999999974e-06 -31.23626747804968
5.7699999999999736e-06 -31.261124779985913
5.7799999999999735e-06 -31.226751612261868
5.789999999999973e-06 -31.23744881299335
5.799999999999972e-06 -31.22963392196699
5.809999999999972e-06 -31.235809005684605
5.819999999999972e-06 -31.245562539710747
5.829999999999972e-06 -31.242028517543943
5.839999999999972e-06 -31.246960626799094
5.849999999999972e-06 -31.228999194645436
5.859999999999971e-06 -31.24700598337304
5.869999999999971e-06 -31.228875199697466
5.879999999999971e-06 -31.177161459445667
5.889999999999971e-06 -31.248886625037215
5.899999999999971e-06 -31.24307103539741
5.9099999999999705e-06 -31.18149233169351
5.91999999999997e-06 -31.229257497467124
5.9299999999999695e-06 -31.258248773858515
5.939999999999969e-06 -31.226841061633795
5.949999999999969e-06 -31.204597521873602
5.959999999999969e-06 -31.254609858867678
5.969999999999969e-06 -31.20736293083103
5.979999999999969e-06 -31.251651033308573
5.989999999999968e-06 -31.203131183332324
5.999999999999968e-06 -31.27742654540608
6.009999999999968e-06 -31.23873028670683
6.019999999999968e-06 -31.217941894791448
6.029999999999968e-06 -31.2194192085178
6.039999999999968e-06 -31.210121419033946
6.049999999999967e-06 -31.23680303024133
6.0599999999999665e-06 -31.211164019798396
6.0699999999999664e-06 -31.223221225750684
6.079999999999966e-06 -31.24703686669993
6.089999999999966e-06 -31.243029700626362
6.099999999999966e-06 -31.25886577980224
6.109999999999965e-06 -31.259136189391683
6.119999999999965e-06 -31.23352717216025
6.129999999999965e-06 -31.223479195405993
6.139999999999965e-06 -31.24485956936291
6.149999999999965e-06 -31.222707842672943
6.159999999999965e-06 -31.248687159571922
6.169999999999964e-06 -31.199981254678537
6.179999999999964e-06 -31.229758598175415
6.189999999999964e-06 -31.19622327462386
6.1999999999999635e-06 -31.206278140948523
6.209999999999963e-06 -31.216589230148866
6.219999999999963e-06 -31.23281480390007
6.229999999999962e-06 -31.21792621931077
6.239999999999962e-06 -31.254544419802542
6.249999999999962e-06 -31.213394007066526
6.259999999999962e-06 -31.20741840002259
6.269999999999962e-06 -31.23686951992797
6.279999999999962e-06 -31.222942771401186
6.289999999999962e-06 -31.268405558298046
6.299999999999961e-06 -31.235368918777645
6.309999999999961e-06 -31.2206746634172
6.319999999999961e-06 -31.256462947430386
6.3299999999999606e-06 -31.204983185911207
6.3399999999999605e-06 -31.261561163072752
6.34999999999996e-06 -31.237848089385224
6.3599999999999594e-06 -31.245611952536656
6.369999999999959e-06 -31.278967426015317
6.379999999999959e-06 -31.20645977110788
6.389999999999959e-06 -31.231729688301876
6.399999999999959e-06 -31.237488889219136
6.409999999999959e-06 -31.21119329044766
6.419999999999958e-06 -31.235483515715828
6.429999999999958e-06 -31.21833906597602
6.439999999999958e-06 -31.26083147004111
6.449999999999958e-06 -31.22900902427499
6.459999999999958e-06 -31.213418824845764
6.4699999999999575e-06 -31.228698772673354
6.479999999999957e-06 -31.24476454244121
6.4899999999999565e-06 -31.219357256796812
6.499999999999956e-06 -31.262829410779784
6.509999999999956e-06 -31.23102978445594
6.519999999999956e-06 -31.219119668774493
6.529999999999956e-06 -31.220610612761696
6.539999999999956e-06 -31.224524948965687
6.549999999999955e-06 -31.202534945524064
6.559999999999955e-06 -31.23920165261203
6.569999999999955e-06 -31.228669275238534
6.579999999999955e-06 -31.200863796567265
6.589999999999955e-06 -31.19346718111729
6.599999999999955e-06 -31.217077046342744
6.609999999999954e-06 -31.237606561772367
6.6199999999999536e-06 -31.2218282485588
6.6299999999999535e-06 -31.20416798366533
6.639999999999953e-06 -31.224739262536936
6.649999999999953e-06 -31.25706864875892
6.659999999999953e-06 -31.2495315419149
6.669999999999952e-06 -31.245417609406342
6.679999999999952e-06 -31.199652629087822
6.689999999999952e-06 -31.237680279533357
6.699999999999952e-06 -31.260705394852522
6.709999999999952e-06 -31.225453793421394
6.719999999999952e-06 -31.245760944174066
6.729999999999951e-06 -31.19450218242643
6.739999999999951e-06 -31.201077342043156
6.749999999999951e-06 -31.225598044993813
6.7599999999999505e-06 -31.199327038879712
6.7699999999999504e-06 -31.207537411929984
6.77999999999995e-06 -31.201148569079926
6.789999999999949e-06 -31.259624371775875
6.799999999999949e-06 -31.22396598670328
6.809999999999949e-06 -31.266742117572885
6.819999999999949e-06 -31.215211985708454
6.829999999999949e-06 -31.246969068015677
6.839999999999949e-06 -31.238064700809588
6.849999999999949e-06 -31.25605942621385
6.859999999999948e-06 -31.25207805007802
6.869999999999948e-06 -31.231369145177464
6.879999999999948e-06 -31.216463205188123
6.889999999999948e-06 -31.207389440214502
6.8999999999999475e-06 -31.24117562704311
6.909999999999947e-06 -31.227841836581053
6.9199999999999465e-06 -31.238253171407152
6.929999999999946e-06 -31.23377387616956
6.939999999999946e-06 -31.201744068231314
6.949999999999946e-06 -31.234710293614626
6.959999999999946e-06 -31.221407563135717
6.969999999999946e-06 -31.19269357274972
6.979999999999945e-06 -31.241305918526145
6.989999999999945e-06 -31.200458967126853
6.999999999999945e-06 -31.232677229859366
7.009999999999945e-06 -31.216695188967307
7.019999999999945e-06 -31.251344977875473
7.0299999999999446e-06 -31.24344136353288
7.039999999999944e-06 -31.191951649744865
7.0499999999999435e-06 -31.214809586166464
7.059999999999943e-06 -31.224232699473742
7.069999999999943e-06 -31.200579893120693
7.079999999999943e-06 -31.237571420578536
7.089999999999943e-06 -31.24360689459725
7.099999999999943e-06 -31.23818783728226
7.109999999999942e-06 -31.231187631289085
7.119999999999942e-06 -31.1873603072448
7.129999999999942e-06 -31.231963532215996
7.139999999999942e-06 -31.180508281635245
7.149999999999942e-06 -31.231579741931274
7.159999999999942e-06 -31.20036439147668
7.169999999999941e-06 -31.17836666681186
7.1799999999999406e-06 -31.225949146394615
7.1899999999999405e-06 -31.184026343911604
7.19999999999994e-06 -31.249134679821594
7.20999999999994e-06 -31.238975423235644
7.21999999999994e-06 -31.24700856394388
7.229999999999939e-06 -31.21667738526334
7.239999999999939e-06 -31.252865572368748
7.249999999999939e-06 -31.210048831722144
7.259999999999939e-06 -31.226522118603082
7.269999999999939e-06 -31.19537260331832
7.279999999999939e-06 -31.245110201749423
7.289999999999938e-06 -31.222717105344604
7.299999999999938e-06 -31.23816932144117
7.309999999999938e-06 -31.19680397173144
7.3199999999999375e-06 -31.209394221755712
7.3299999999999374e-06 -31.244915588146373
7.339999999999937e-06 -31.223257098173363
7.349999999999936e-06 -31.233437359742098
7.359999999999936e-06 -31.22399535508601
7.369999999999936e-06 -31.21767993446625
7.379999999999936e-06 -31.209761023158347
7.389999999999936e-06 -31.24057601926756
7.399999999999936e-06 -31.20618260493223
7.409999999999936e-06 -31.269165364449563
7.419999999999935e-06 -31.227715009242132
7.429999999999935e-06 -31.221844866922854
7.439999999999935e-06 -31.258965005092044
7.449999999999935e-06 -31.21385392840993
7.4599999999999345e-06 -31.198450050028256
7.469999999999934e-06 -31.231512684618444
7.4799999999999335e-06 -31.239787894102868
7.489999999999933e-06 -31.237567076314118
7.499999999999933e-06 -31.275553875091436
7.509999999999933e-06 -31.244061953160237
7.519999999999933e-06 -31.2444649453139
7.529999999999933e-06 -31.229041594731893
7.539999999999932e-06 -31.21753834310876
7.549999999999932e-06 -31.226733758233568
7.559999999999932e-06 -31.2066384431451
7.569999999999932e-06 -31.173778908963993
7.579999999999932e-06 -31.252881212933836
7.5899999999999316e-06 -31.23184657271933
7.599999999999931e-06 -31.242272596568753
7.6099999999999305e-06 -31.210980723684074
7.6199999999999304e-06 -31.245373030362572
7.62999999999993e-06 -31.235174316984452
7.63999999999993e-06 -31.22741670372603
7.64999999999993e-06 -31.21133088444091
7.65999999999993e-06 -31.232167547742534
7.66999999999993e-06 -31.235454425777093
7.67999999999993e-06 -31.217942166894684
7.68999999999993e-06 -31.240568122972427
7.699999999999928e-06 -31.25130653098665
7.709999999999928e-06 -31.22798122208059
7.719999999999928e-06 -31.23090396858807
7.729999999999928e-06 -31.16796752979502
7.739999999999928e-06 -31.219280420870753
7.749999999999927e-06 -31.231973294287705
7.759999999999927e-06 -31.244320076252414
7.769999999999927e-06 -31.201606573745444
7.779999999999927e-06 -31.247499472042815
7.789999999999927e-06 -31.235227980844154
7.799999999999927e-06 -31.239156188091084
7.809999999999927e-06 -31.19144956549278
7.819999999999925e-06 -31.282861868600985
7.829999999999925e-06 -31.216137630709202
7.839999999999925e-06 -31.178484432985258
7.849999999999925e-06 -31.211752004441482
7.859999999999925e-06 -31.25583018992093
7.869999999999925e-06 -31.258954417697083
7.879999999999925e-06 -31.191379233534704
7.889999999999924e-06 -31.216481816328987
7.899999999999924e-06 -31.19553786487488
7.909999999999924e-06 -31.217250173928463
7.919999999999924e-06 -31.234077677165484
7.929999999999924e-06 -31.24047971431337
7.939999999999922e-06 -31.226691297452483
7.949999999999922e-06 -31.255208300607645
7.959999999999922e-06 -31.272465942530708
7.969999999999922e-06 -31.26426196168689
7.979999999999922e-06 -31.255038486242054
7.989999999999922e-06 -31.240375162495948
7.999999999999922e-06 -31.22542645000625
8.009999999999922e-06 -31.21329874481772
8.019999999999922e-06 -31.253775267436794
8.029999999999921e-06 -31.234117321744428
8.039999999999921e-06 -31.243430632030144
8.049999999999921e-06 -31.230451500404087
8.059999999999921e-06 -31.24653350579016
8.06999999999992e-06 -31.225602494258126
8.07999999999992e-06 -31.252398973912207
8.08999999999992e-06 -31.223659876677974
8.099999999999919e-06 -31.193796879607646
8.109999999999919e-06 -31.21119096373328
8.119999999999919e-06 -31.20953699415984
8.129999999999919e-06 -31.188438172516356
8.139999999999919e-06 -31.26715390479012
8.149999999999919e-06 -31.23307287425585
8.159999999999918e-06 -31.234081042091102
8.169999999999918e-06 -31.227542778783576
8.179999999999918e-06 -31.229478972555462
8.189999999999917e-06 -31.220379639097967
8.199999999999916e-06 -31.217394699851504
8.209999999999916e-06 -31.24176713277175
8.219999999999916e-06 -31.205673735357045
8.229999999999916e-06 -31.212311348834266
8.239999999999916e-06 -31.21570123840704
8.249999999999916e-06 -31.23623347325055
8.259999999999916e-06 -31.247761625670854
8.269999999999916e-06 -31.23392511005137
8.279999999999916e-06 -31.21916831130421
8.289999999999916e-06 -31.255076724388786
8.299999999999915e-06 -31.22379675739943
8.309999999999915e-06 -31.23488390132148
8.319999999999914e-06 -31.204073139399373
8.329999999999913e-06 -31.232651727572936
8.339999999999913e-06 -31.230526010142455
8.349999999999913e-06 -31.24675920049184
8.359999999999913e-06 -31.2388066351471
8.369999999999913e-06 -31.200599742865766
8.379999999999913e-06 -31.257243186851674
8.389999999999913e-06 -31.258710752103397
8.399999999999913e-06 -31.22877676430831
8.409999999999913e-06 -31.253332558373575
8.419999999999913e-06 -31.249244683558416
8.429999999999913e-06 -31.245407903848864
8.43999999999991e-06 -31.221238994810456
8.44999999999991e-06 -31.246706025737986
8.45999999999991e-06 -31.22789266110701
8.46999999999991e-06 -31.22197175503381
8.47999999999991e-06 -31.21852862717531
8.48999999999991e-06 -31.225893667011448
8.49999999999991e-06 -31.262269668617357
8.50999999999991e-06 -31.223785451428185
8.51999999999991e-06 -31.18989884969437
8.52999999999991e-06 -31.221929898135464
8.53999999999991e-06 -31.229513619549298
8.54999999999991e-06 -31.243363776860985
8.55999999999991e-06 -31.248127041780396
8.569999999999908e-06 -31.20714833228234
8.579999999999908e-06 -31.261230824410035
8.589999999999908e-06 -31.215202303747887
8.599999999999907e-06 -31.225584401695222
8.609999999999907e-06 -31.2666848627409
8.619999999999907e-06 -31.203211670024707
8.629999999999907e-06 -31.214706462194886
8.639999999999907e-06 -31.207119392459653
8.649999999999907e-06 -31.221832301695148
8.659999999999907e-06 -31.18503696580751
8.669999999999907e-06 -31.202189180447267
8.679999999999907e-06 -31.233002331741776
8.689999999999905e-06 -31.192398324719175
8.699999999999905e-06 -31.236319900357593
8.709999999999905e-06 -31.19926217509089
8.719999999999905e-06 -31.22423281183445
8.729999999999905e-06 -31.2483539215187
8.739999999999904e-06 -31.25643950574203
8.749999999999904e-06 -31.240744295773965
8.759999999999904e-06 -31.295299769731116
8.769999999999904e-06 -31.242890872787456
8.779999999999904e-06 -31.217219819356057
8.789999999999904e-06 -31.232181595617607
8.799999999999904e-06 -31.217836207368606
8.809999999999904e-06 -31.240774259506484
8.819999999999902e-06 -31.20605441288004
8.829999999999902e-06 -31.20352528289256
8.839999999999902e-06 -31.23131657777047
8.849999999999902e-06 -31.193661693907732
8.859999999999902e-06 -31.218650728874767
8.869999999999902e-06 -31.196709083652152
8.879999999999901e-06 -31.21100466718529
8.889999999999901e-06 -31.224658962015305
8.899999999999901e-06 -31.250685473990835
8.909999999999901e-06 -31.224070766945847
8.919999999999901e-06 -31.225538166875154
8.929999999999901e-06 -31.239310891062484
8.9399999999999e-06 -31.24022150124105
8.949999999999899e-06 -31.242859295529527
8.959999999999899e-06 -31.22474306893997
8.969999999999899e-06 -31.24726336966469
8.979999999999899e-06 -31.20376161433238
8.989999999999899e-06 -31.25649159379656
8.999999999999899e-06 -31.218449737171994
9.009999999999898e-06 -31.238108846032482
9.019999999999898e-06 -31.227194033072553
9.029999999999898e-06 -31.216362502835374
9.039999999999898e-06 -31.260774535343394
9.049999999999898e-06 -31.14852952021965
9.059999999999896e-06 -31.22788459248354
9.069999999999896e-06 -31.20505227531419
9.079999999999896e-06 -31.228927979637422
9.089999999999896e-06 -31.20353882206939
9.099999999999896e-06 -31.205303256829968
9.109999999999896e-06 -31.22849906136412
9.119999999999896e-06 -31.214446938342245
9.129999999999896e-06 -31.245117560307598
9.139999999999896e-06 -31.237414457286498
9.149999999999895e-06 -31.217419438860986
9.159999999999895e-06 -31.204581657333183
9.169999999999895e-06 -31.234130732601788
9.179999999999895e-06 -31.21555874305469
9.189999999999893e-06 -31.2372811757917
9.199999999999893e-06 -31.258787734859816
9.209999999999893e-06 -31.204684398293622
9.219999999999893e-06 -31.224446816507747
9.229999999999893e-06 -31.226101607847063
9.239999999999893e-06 -31.241319862268096
9.249999999999893e-06 -31.219797749304085
9.259999999999893e-06 -31.257237357076626
9.269999999999893e-06 -31.243688408281884
9.279999999999893e-06 -31.215600138150823
9.289999999999892e-06 -31.265251794553503
9.299999999999892e-06 -31.215009687649843
9.30999999999989e-06 -31.23212212713526
9.31999999999989e-06 -31.210340730572177
9.32999999999989e-06 -31.231009059078087
9.33999999999989e-06 -31.226874743560423
9.34999999999989e-06 -31.22158937925217
9.35999999999989e-06 -31.246821125188777
9.36999999999989e-06 -31.246770402945238
9.37999999999989e-06 -31.204417136506503
9.38999999999989e-06 -31.259969666689223
9.39999999999989e-06 -31.22758771631259
9.40999999999989e-06 -31.21570302004104
9.41999999999989e-06 -31.21956637070761
9.42999999999989e-06 -31.242740770792658
9.439999999999888e-06 -31.227543521056955
9.449999999999887e-06 -31.245061006643713
9.459999999999887e-06 -31.220173822627487
9.469999999999887e-06 -31.198715218399858
9.479999999999887e-06 -31.243268581765655
9.489999999999887e-06 -31.238363744376112
9.499999999999887e-06 -31.254002293127932
9.509999999999887e-06 -31.226964175592837
9.519999999999887e-06 -31.232674872493238
9.529999999999887e-06 -31.25503303950466
9.539999999999887e-06 -31.20041699143966
9.549999999999887e-06 -31.24739802865778
9.559999999999885e-06 -31.21250570176188
9.569999999999885e-06 -31.21052601131219
9.579999999999885e-06 -31.223597429646453
9.589999999999884e-06 -31.244912857736914
9.599999999999884e-06 -31.2477800295619
9.609999999999884e-06 -31.235258069228124
9.619999999999884e-06 -31.235805898556798
9.629999999999884e-06 -31.217505835695746
9.639999999999884e-06 -31.21403019215306
9.649999999999884e-06 -31.20263213131372
9.659999999999884e-06 -31.24132704177806
9.669999999999884e-06 -31.2325828683012
9.679999999999884e-06 -31.234606048004242
9.689999999999882e-06 -31.196868797150813
9.699999999999882e-06 -31.184828040009375
9.709999999999882e-06 -31.20987803821889
9.719999999999882e-06 -31.251563246651106
9.729999999999881e-06 -31.239955305984196
9.739999999999881e-06 -31.250895704302827
9.749999999999881e-06 -31.209577917006207
9.759999999999881e-06 -31.236063015076642
9.769999999999881e-06 -31.23516757465089
9.779999999999881e-06 -31.20532538858593
9.789999999999881e-06 -31.267274885304037
9.79999999999988e-06 -31.215524078711866
9.809999999999879e-06 -31.22944828713328
9.819999999999879e-06 -31.257128368758092
9.829999999999879e-06 -31.21578607750946
9.839999999999879e-06 -31.235805176669025
9.849999999999879e-06 -31.212593223719203
9.859999999999878e-06 -31.250681822679823
9.869999999999878e-06 -31.2164849869052
9.879999999999878e-06 -31.226307155397993
9.889999999999878e-06 -31.253655536209678
9.899999999999878e-06 -31.22555396749859
9.909999999999878e-06 -31.244669941313646
9.919999999999878e-06 -31.211823337987454
9.929999999999876e-06 -31.2702692393691
9.939999999999876e-06 -31.23394694657807
9.949999999999876e-06 -31.251540503309396
9.959999999999876e-06 -31.26899394281807
9.969999999999876e-06 -31.250424958217163
9.979999999999876e-06 -31.242286924441903
9.989999999999876e-06 -31.214344403207342
9.999999999999875e-06 -31.23048390770647
1.0009999999999875e-05 -31.22801668592142
1.0019999999999875e-05 -31.23814090247107
1.0029999999999875e-05 -31.237359595739363
1.0039999999999875e-05 -31.268450264356925
1.0049999999999875e-05 -31.218163161073008
1.0059999999999873e-05 -31.23576574733316
1.0069999999999873e-05 -31.258039496690817
1.0079999999999873e-05 -31.251425348459097
1.0089999999999873e-05 -31.215881853795693
1.0099999999999873e-05 -31.183906798945078
1.0109999999999873e-05 -31.25292117672786
1.0119999999999873e-05 -31.23720929665208
1.0129999999999873e-05 -31.231916560909422
1.0139999999999872e-05 -31.23191136301942
1.0149999999999872e-05 -31.204782468210297
1.0159999999999872e-05 -31.234228853187386
1.0169999999999872e-05 -31.217993646785374
1.017999999999987e-05 -31.2119126375768
1.018999999999987e-05 -31.239014532119835
1.019999999999987e-05 -31.204917793850925
1.020999999999987e-05 -31.247496039937555
1.021999999999987e-05 -31.20401773576117
1.022999999999987e-05 -31.24241872435602
1.023999999999987e-05 -31.24744760898347
1.024999999999987e-05 -31.242482472115054
1.025999999999987e-05 -31.20610249283459
1.026999999999987e-05 -31.185018343231278
1.027999999999987e-05 -31.190130476978513
1.028999999999987e-05 -31.22920950927063
1.029999999999987e-05 -31.244191648277283
1.0309999999999867e-05 -31.244265759873155
1.0319999999999867e-05 -31.264933825943302
1.0329999999999867e-05 -31.24349773557987
1.0339999999999867e-05 -31.22086355102237
1.0349999999999867e-05 -31.2585637431889
1.0359999999999867e-05 -31.289795427177427
1.0369999999999867e-05 -31.216084852870082
1.0379999999999867e-05 -31.207539751183795
1.0389999999999867e-05 -31.23695253901898
1.0399999999999867e-05 -31.232637248776022
1.0409999999999866e-05 -31.246914297872916
1.0419999999999866e-05 -31.221838183693194
1.0429999999999865e-05 -31.258167800719548
1.0439999999999864e-05 -31.205470633567394
1.0449999999999864e-05 -31.23621139732896
1.0459999999999864e-05 -31.22623573944286
1.0469999999999864e-05 -31.219405507109954
1.0479999999999864e-05 -31.23988894218119
1.0489999999999864e-05 -31.246777191357218
1.0499999999999864e-05 -31.230386631459904
1.0509999999999864e-05 -31.226333939700144
1.0519999999999864e-05 -31.237211035197948
1.0529999999999864e-05 -31.208932625393132
1.0539999999999864e-05 -31.231000469065766
1.0549999999999863e-05 -31.21116845336284
1.0559999999999862e-05 -31.21418394823014
1.0569999999999862e-05 -31.219962862058573
1.0579999999999861e-05 -31.230372552978206
1.0589999999999861e-05 -31.227840756236688
1.0599999999999861e-05 -31.220974764425684
1.0609999999999861e-05 -31.200376616486352
1.0619999999999861e-05 -31.244606560543954
1.0629999999999861e-05 -31.221838691080354
1.0639999999999861e-05 -31.218489771874445
1.064999999999986e-05 -31.19561426900756
1.065999999999986e-05 -31.19076675556142
1.066999999999986e-05 -31.216455325842468
1.0679999999999859e-05 -31.26007173549709
1.0689999999999859e-05 -31.252765744890915
1.0699999999999859e-05 -31.253117528241653
1.0709999999999858e-05 -31.2458231760025
1.0719999999999858e-05 -31.25713507495488
1.0729999999999858e-05 -31.255087607561748
1.0739999999999858e-05 -31.22097804582223
1.0749999999999858e-05 -31.19665375155608
1.0759999999999858e-05 -31.232721211423353
1.0769999999999858e-05 -31.216841411375626
1.0779999999999858e-05 -31.225815532305145
1.0789999999999858e-05 -31.244442403263207
1.0799999999999858e-05 -31.228875872310073
1.0809999999999856e-05 -31.25309187714666
1.0819999999999856e-05 -31.257367954611112
1.0829999999999856e-05 -31.22813966884309
1.0839999999999856e-05 -31.19222306526991
1.0849999999999855e-05 -31.242854689943762
1.0859999999999855e-05 -31.261171857474032
1.0869999999999855e-05 -31.213304932560014
1.0879999999999855e-05 -31.206532302305618
1.0889999999999855e-05 -31.204491761881414
1.0899999999999855e-05 -31.256794031102597
1.0909999999999855e-05 -31.253142378483403
1.0919999999999855e-05 -31.24182196113492
1.0929999999999853e-05 -31.23162135038382
1.0939999999999853e-05 -31.230004054872417
1.0949999999999853e-05 -31.20241080550656
1.0959999999999853e-05 -31.234454719292966
1.0969999999999853e-05 -31.192300550535048
1.0979999999999853e-05 -31.221248079303525
1.0989999999999852e-05 -31.215824791790418
1.0999999999999852e-05 -31.230448840200474
1.1009999999999852e-05 -31.277443064555964
1.1019999999999852e-05 -31.23981775209482
1.1029999999999852e-05 -31.237491860971694
1.1039999999999852e-05 -31.22646542801848
1.104999999999985e-05 -31.24318916141853
1.105999999999985e-05 -31.251875347461837
1.106999999999985e-05 -31.23693637901954
1.107999999999985e-05 -31.253736810392066
1.108999999999985e-05 -31.27697192601347
1.109999999999985e-05 -31.20149508770412
1.110999999999985e-05 -31.208299658830494
1.111999999999985e-05 -31.240659661092696
1.112999999999985e-05 -31.255390019395357
1.113999999999985e-05 -31.22826574995915
1.114999999999985e-05 -31.220204313065373
1.1159999999999849e-05 -31.216157562629874
1.1169999999999849e-05 -31.25784960862772
1.1179999999999847e-05 -31.235735082370464
1.1189999999999847e-05 -31.220635791375766
1.1199999999999847e-05 -31.231208213016007
1.1209999999999847e-05 -31.24665167331281
1.1219999999999847e-05 -31.225472445294578
1.1229999999999847e-05 -31.214045556690774
1.1239999999999847e-05 -31.21289608140775
1.1249999999999847e-05 -31.217745044071957
1.1259999999999846e-05 -31.219015685845697
1.1269999999999846e-05 -31.221155820712106
1.1279999999999846e-05 -31.209569029215114
1.1289999999999846e-05 -31.206046353645128
1.1299999999999844e-05 -31.235091945627843
1.1309999999999844e-05 -31.24357962041809
1.1319999999999844e-05 -31.214593967309796
1.1329999999999844e-05 -31.241720766309605
