2e-08 0.012280059268411038
3e-08 0.0184434594550146
4e-08 0.024585911406184418
5.0000000000000004e-08 0.030735025865141444
6e-08 0.036903837027214476
7e-08 0.04302572256345563
8e-08 0.049164816206869605
9.000000000000001e-08 0.05531215013852368
1.0000000000000001e-07 0.06148512118402878
1.1000000000000002e-07 0.06763465877620406
1.2e-07 0.07376785701364066
1.3e-07 0.07990316512537597
1.3999999999999998e-07 0.08607122788259215
1.4999999999999997e-07 0.09223623465105413
1.5999999999999995e-07 0.09838409337898626
1.6999999999999996e-07 0.10451190084196933
1.7999999999999994e-07 0.11066415127877734
1.8999999999999993e-07 0.11680717582272775
1.999999999999999e-07 0.12292878841027381
2.0999999999999992e-07 0.1290818715440294
2.199999999999999e-07 0.1352282256236087
2.299999999999999e-07 0.14136218430469394
2.399999999999999e-07 0.14752403513244516
2.4999999999999994e-07 0.15367954948395465
2.5999999999999995e-07 0.15982184835376495
2.6999999999999996e-07 0.16597555669255706
2.7999999999999997e-07 0.17210294029548143
2.9e-07 0.1782400804018402
3e-07 0.18437329120757473
3.1e-07 0.19052122502923804
3.2e-07 0.19667644798884462
3.3e-07 0.20283607100433335
3.4000000000000003e-07 0.20897437241063535
3.500000000000001e-07 0.2151266792302477
3.600000000000001e-07 0.22125760316116944
3.700000000000001e-07 0.2274163896049686
3.800000000000001e-07 0.2335684668931024
3.9000000000000013e-07 0.23971772870622435
4.0000000000000014e-07 0.24586239497115933
4.1000000000000015e-07 0.25201131608073124
4.2000000000000016e-07 0.25815530035259854
4.3000000000000017e-07 0.26427710384554887
4.400000000000002e-07 0.27040846290980264
4.500000000000002e-07 0.27655572071707224
4.600000000000002e-07 0.28270142035548906
4.7000000000000016e-07 0.28881897965145686
4.800000000000001e-07 0.2949506488342404
4.900000000000001e-07 0.3011123480472306
5.000000000000001e-07 0.30727442451724724
5.1e-07 0.31342052271866244
5.2e-07 0.319570296896347
5.299999999999999e-07 0.3257177449294345
5.399999999999999e-07 0.33187964822238175
5.499999999999998e-07 0.33801426440517207
5.599999999999998e-07 0.3441745556307251
5.699999999999998e-07 0.35031258065396703
5.799999999999997e-07 0.35645421303099106
5.899999999999998e-07 0.36258395373351
5.999999999999997e-07 0.36872256248306906
6.099999999999997e-07 0.3748491299674531
6.199999999999996e-07 0.3809924712518457
6.299999999999996e-07 0.3871395398574105
6.399999999999996e-07 0.39329163556309527
6.499999999999995e-07 0.399453640193962
6.599999999999995e-07 0.4056127675096384
6.699999999999994e-07 0.4117635000735304
6.799999999999994e-07 0.4179038098172254
6.899999999999994e-07 0.4240430044610766
6.999999999999993e-07 0.4301869401440346
7.099999999999993e-07 0.4363479610807886
7.199999999999992e-07 0.44249755118878215
7.299999999999993e-07 0.4486473215611154
7.399999999999992e-07 0.45478307361366044
7.499999999999992e-07 0.46092124237774124
7.599999999999992e-07 0.4670812186665635
7.699999999999991e-07 0.47324316414872825
7.799999999999991e-07 0.4794162463982961
7.89999999999999e-07 0.4855542269297383
7.99999999999999e-07 0.49171723063319567
8.099999999999989e-07 0.4978681840147428
8.199999999999989e-07 0.5040116235780041
8.299999999999989e-07 0.5101572297858202
8.399999999999988e-07 0.5162882698290561
8.499999999999988e-07 0.5224194151844553
8.599999999999988e-07 0.5285636782296974
8.699999999999988e-07 0.5347079051100562
8.799999999999987e-07 0.5408532985593383
8.899999999999987e-07 0.5470011814434724
8.999999999999987e-07 0.5531360743119668
9.099999999999986e-07 0.5592929023041288
9.199999999999986e-07 0.5654570747631613
9.299999999999985e-07 0.5715988821288693
9.399999999999985e-07 0.5777714817949937
9.499999999999985e-07 0.5839194670041629
9.599999999999984e-07 0.5900649521381819
9.699999999999983e-07 0.5961949100584362
9.799999999999985e-07 0.6023440172956003
9.899999999999984e-07 0.6084981522849158
9.999999999999983e-07 0.6146430595600089
1.0099999999999982e-06 0.6207998401785757
1.0199999999999983e-06 0.6269496763080783
1.0299999999999982e-06 0.6330882381358571
1.039999999999998e-06 0.6392256429820566
1.0499999999999982e-06 0.6453718191474599
1.0599999999999981e-06 0.6515152660458868
1.069999999999998e-06 0.6576589948689093
1.0799999999999981e-06 0.6637944751215245
1.089999999999998e-06 0.6699421926489479
1.099999999999998e-06 0.6760904154021081
1.1099999999999978e-06 0.6822510515320898
1.119999999999998e-06 0.688382503478217
1.1299999999999979e-06 0.6945043934948258
1.1399999999999978e-06 0.7006439358242307
1.1499999999999979e-06 0.7067912433039745
1.1599999999999978e-06 0.7129272120781022
1.1699999999999977e-06 0.7190636769266072
1.1799999999999976e-06 0.7252130965147267
1.1899999999999977e-06 0.7313736706012202
1.1999999999999976e-06 0.7375101709076148
1.2099999999999975e-06 0.7436491670426334
1.2199999999999976e-06 0.7497774374907432
1.2299999999999975e-06 0.7559302045268509
1.2399999999999974e-06 0.762075655155516
1.2499999999999973e-06 0.7682134236335595
1.2599999999999975e-06 0.7743545093010982
1.2699999999999974e-06 0.7805211261449229
1.2799999999999973e-06 0.7866546416451897
1.2899999999999974e-06 0.792801381819012
1.2999999999999973e-06 0.7989344081937277
1.3099999999999972e-06 0.8050837484806809
1.319999999999997e-06 0.8112408799467141
1.3299999999999972e-06 0.817397243673041
1.3399999999999971e-06 0.8235481429257644
1.349999999999997e-06 0.829713095590714
1.3599999999999971e-06 0.8358644936252553
1.369999999999997e-06 0.8419891708536906
1.379999999999997e-06 0.8481418858930614
1.3899999999999969e-06 0.8543133167623518
1.399999999999997e-06 0.8604690906916724
1.4099999999999969e-06 0.8666112297986148
1.4199999999999968e-06 0.8727728080334419
1.429999999999997e-06 0.8789135000856584
1.4399999999999968e-06 0.885053816743454
1.4499999999999967e-06 0.8911914450674727
1.4599999999999966e-06 0.8973448631807092
1.4699999999999967e-06 0.903486509520664
1.4799999999999966e-06 0.9096385001189999
1.4899999999999965e-06 0.9157882574835994
1.4999999999999966e-06 0.9219296699674621
1.5099999999999966e-06 0.9280830652176565
1.5199999999999965e-06 0.9342428463005241
1.5299999999999964e-06 0.9403919332865273
1.5399999999999965e-06 0.946537178392144
1.5499999999999964e-06 0.9526895615241834
1.5599999999999963e-06 0.9588340590535714
1.5699999999999964e-06 0.9649976123522942
1.5799999999999963e-06 0.9711538247439576
1.5899999999999962e-06 0.9773023258668284
1.5999999999999961e-06 0.9834394390868931
1.6099999999999962e-06 0.989592198944723
1.6199999999999961e-06 0.9957497385354501
1.629999999999996e-06 1.0018576656199232
1.6399999999999962e-06 1.008007237007526
1.649999999999996e-06 1.014125117280168
1.659999999999996e-06 1.0202908054502138
1.669999999999996e-06 1.0264430813418772
1.679999999999996e-06 1.0325834843987163
1.6899999999999959e-06 1.0387354743327026
1.6999999999999958e-06 1.0448579694487365
1.709999999999996e-06 1.0509973104182098
1.7199999999999958e-06 1.0571363663299902
1.7299999999999957e-06 1.063272008874864
1.7399999999999958e-06 1.0693972232654851
1.7499999999999957e-06 1.0755430809140119
1.7599999999999956e-06 1.0817026120798965
1.7699999999999955e-06 1.0878402625877026
1.7799999999999959e-06 1.0940034725570504
1.789999999999996e-06 1.1001536464416868
1.7999999999999961e-06 1.1062960067406886
1.8099999999999962e-06 1.1124560381739128
1.8199999999999963e-06 1.1185852429711487
1.8299999999999967e-06 1.1247351040112405
1.8399999999999968e-06 1.13087179838425
1.849999999999997e-06 1.1370038197789971
1.859999999999997e-06 1.1431374800706546
1.8699999999999973e-06 1.1492788228313224
1.8799999999999975e-06 1.1554023053513354
1.8899999999999976e-06 1.1615261180856227
1.8999999999999977e-06 1.1676636241513874
1.909999999999998e-06 1.1738106175170326
1.919999999999998e-06 1.179977070258773
1.929999999999998e-06 1.186127546478089
1.9399999999999984e-06 1.1922824191563979
1.9499999999999987e-06 1.1984339552045866
1.9599999999999986e-06 1.204570216911696
1.969999999999999e-06 1.2107174151951803
1.979999999999999e-06 1.2168515194736251
1.989999999999999e-06 1.22299339760915
1.9999999999999995e-06 1.2291434621358703
2.0099999999999994e-06 1.2352801940092504
2.0199999999999997e-06 1.2414215837040086
2.03e-06 1.247559688262499
2.04e-06 1.253692678605238
2.0500000000000003e-06 1.2598265083234164
2.06e-06 1.2659905758113588
2.0700000000000005e-06 1.2721327987248492
2.080000000000001e-06 1.2782988489773954
2.0900000000000007e-06 1.2844457357636454
2.100000000000001e-06 1.290614212906913
2.110000000000001e-06 1.2967555418624859
2.1200000000000013e-06 1.3029238774070666
2.1300000000000016e-06 1.3090717451881047
2.1400000000000015e-06 1.3152230585609586
2.150000000000002e-06 1.3213766643794362
2.1600000000000018e-06 1.3275391807838441
2.170000000000002e-06 1.333700025571085
2.1800000000000024e-06 1.339867313168316
2.1900000000000023e-06 1.3459955529087304
2.2000000000000027e-06 1.3521474983623707
2.210000000000003e-06 1.3582866844699444
2.220000000000003e-06 1.3644171826994607
2.2300000000000032e-06 1.3705466342542398
2.240000000000003e-06 1.3766894306836626
2.2500000000000034e-06 1.3828058591304486
2.2600000000000038e-06 1.388957752919753
2.2700000000000037e-06 1.3951038298012721
2.280000000000004e-06 1.4012418590032205
2.290000000000004e-06 1.4073721143319886
2.3000000000000042e-06 1.4135090795426979
2.3100000000000046e-06 1.4196307959482903
2.3200000000000045e-06 1.4257839102845549
2.330000000000005e-06 1.4319263055776343
2.3400000000000047e-06 1.438053907738767
2.350000000000005e-06 1.4441985571113054
2.3600000000000054e-06 1.4503458314608793
2.3700000000000053e-06 1.4564869400425993
2.3800000000000056e-06 1.4626174723173382
2.3900000000000055e-06 1.4687798311027942
2.400000000000006e-06 1.474933385440879
2.410000000000006e-06 1.4810711366698868
2.420000000000006e-06 1.48720626049911
2.4300000000000064e-06 1.4933422338579125
2.4400000000000067e-06 1.499469936916966
2.4500000000000066e-06 1.5055970948037236
2.460000000000007e-06 1.5117398729635676
2.470000000000007e-06 1.5178557691051933
2.480000000000007e-06 1.524007374969309
2.4900000000000075e-06 1.53016062442607
2.5000000000000074e-06 1.5363158897111466
2.5100000000000077e-06 1.5424476941016627
2.5200000000000076e-06 1.548583413518043
2.530000000000008e-06 1.5547479035395857
2.5400000000000083e-06 1.5608913890269347
2.550000000000008e-06 1.5670495267624611
2.5600000000000085e-06 1.5731771963886447
2.5700000000000084e-06 1.5793230356256167
2.5800000000000088e-06 1.5854781667068059
2.590000000000009e-06 1.591606832710581
2.600000000000009e-06 1.5977641065358716
2.6100000000000093e-06 1.6038916422468716
2.6200000000000096e-06 1.6100144006985666
2.6300000000000095e-06 1.6161853866656442
2.64000000000001e-06 1.622339064372359
2.6500000000000098e-06 1.6284829698879513
2.66000000000001e-06 1.634642655822836
2.6700000000000104e-06 1.640799184374593
2.6800000000000103e-06 1.6469420152035645
2.6900000000000107e-06 1.6531080787474939
2.7000000000000106e-06 1.6592543826981032
2.710000000000011e-06 1.6654061727357132
2.7200000000000112e-06 1.6715484094228739
2.730000000000011e-06 1.6776954724229962
2.7400000000000115e-06 1.6838360992478738
2.7500000000000114e-06 1.689982458866047
2.7600000000000117e-06 1.696111865165764
2.770000000000012e-06 1.702260517083812
2.780000000000012e-06 1.7083993546445224
2.7900000000000123e-06 1.714556752726217
2.800000000000012e-06 1.7207082411169698
2.8100000000000125e-06 1.7268523184713647
2.820000000000013e-06 1.7330027803511932
2.8300000000000127e-06 1.7391400316359704
2.840000000000013e-06 1.745281931995991
2.8500000000000134e-06 1.7514487772639715
2.8600000000000133e-06 1.7575771098588384
2.8700000000000136e-06 1.7637135292626522
2.8800000000000135e-06 1.7698470704658464
2.890000000000014e-06 1.7760029004458773
2.900000000000014e-06 1.7821434687584146
2.910000000000014e-06 1.7882844745700812
2.9200000000000144e-06 1.794442490401161
2.9300000000000143e-06 1.8006083750285475
2.9400000000000146e-06 1.8067463161260127
2.950000000000015e-06 1.8128796169395813
2.960000000000015e-06 1.8190304961101509
2.970000000000015e-06 1.8251749653831342
2.980000000000015e-06 1.8313269567946764
2.9900000000000154e-06 1.8374582183607835
3.0000000000000157e-06 1.8436027100952417
3.0100000000000157e-06 1.8497807384204865
3.020000000000016e-06 1.8559230778366218
3.0300000000000163e-06 1.862077094227978
3.040000000000016e-06 1.8682176719603074
3.0500000000000165e-06 1.8743697382048858
3.0600000000000164e-06 1.8805095344925886
3.0700000000000168e-06 1.886655734512885
3.080000000000017e-06 1.8928116819943104
3.090000000000017e-06 1.8989772597225238
3.1000000000000173e-06 1.905123490624885
3.1100000000000172e-06 1.9112624159482043
3.1200000000000176e-06 1.9174080063620331
3.130000000000018e-06 1.923550796468781
3.140000000000018e-06 1.9296819027959398
3.150000000000018e-06 1.9358266873779841
3.160000000000018e-06 1.941969120499724
3.1700000000000184e-06 1.9481289231820675
3.1800000000000187e-06 1.9542670552381605
3.1900000000000186e-06 1.960425424941953
3.200000000000019e-06 1.9665822086160283
3.210000000000019e-06 1.9727309130462123
3.220000000000019e-06 1.9789091021673975
3.2300000000000195e-06 1.9850402587521185
3.2400000000000194e-06 1.9911897850268845
3.2500000000000197e-06 1.9973258217921048
3.26000000000002e-06 2.003468277055744
3.27000000000002e-06 2.0095927466319035
3.2800000000000203e-06 2.0157230132923796
3.29000000000002e-06 2.0218779633143917
3.3000000000000205e-06 2.028027919605221
3.310000000000021e-06 2.034166481206045
3.3200000000000207e-06 2.040320009071887
3.330000000000021e-06 2.0464708670965033
3.340000000000021e-06 2.0526161802411713
3.3500000000000213e-06 2.0587493590507497
3.3600000000000216e-06 2.064906636314685
3.3700000000000215e-06 2.0710287586235165
3.380000000000022e-06 2.0771692197307288
3.3900000000000218e-06 2.0832964912002505
3.400000000000022e-06 2.089423733626387
3.4100000000000224e-06 2.0955608005563318
3.4200000000000223e-06 2.1016940803157356
3.4300000000000226e-06 2.1078305367469055
3.440000000000023e-06 2.1139760982490654
3.450000000000023e-06 2.1201286312410557
3.460000000000023e-06 2.1262781351832887
3.470000000000023e-06 2.1324295516633924
3.4800000000000234e-06 2.1385648281684686
3.4900000000000238e-06 2.1447108848937457
3.5000000000000237e-06 2.1508532867914503
3.510000000000024e-06 2.1569899523872484
3.520000000000024e-06 2.163128456015249
3.5300000000000242e-06 2.169265210358564
3.5400000000000246e-06 2.175417483530512
3.5500000000000245e-06 2.181567422399915
3.5600000000000248e-06 2.187707979904739
3.5700000000000247e-06 2.193832345425819
3.580000000000024e-06 2.1999770305082516
3.590000000000024e-06 2.206117180068511
3.600000000000024e-06 2.2122691276983146
3.6100000000000235e-06 2.218423215798646
3.6200000000000234e-06 2.2245442253496304
3.6300000000000233e-06 2.230692004364719
3.6400000000000227e-06 2.2368161715007266
3.6500000000000227e-06 2.2429706095129247
3.6600000000000226e-06 2.249090247484458
3.670000000000022e-06 2.255224209761448
3.680000000000022e-06 2.261342818869143
3.690000000000022e-06 2.2674896491675764
3.7000000000000213e-06 2.273622627422527
3.7100000000000212e-06 2.279770182336698
3.720000000000021e-06 2.2859148932918867
3.7300000000000206e-06 2.292048294347477
3.7400000000000205e-06 2.2982091665972844
3.7500000000000204e-06 2.304347120220527
3.76000000000002e-06 2.310497112154873
3.77000000000002e-06 2.3166312053561446
3.7800000000000197e-06 2.322761586281257
3.790000000000019e-06 2.3288968376075867
3.800000000000019e-06 2.33501959162486
3.810000000000019e-06 2.341167887146983
3.8200000000000185e-06 2.3473076832514232
3.830000000000018e-06 2.3534341657869393
3.840000000000018e-06 2.3595750035287675
3.850000000000018e-06 2.3657192169597256
3.860000000000018e-06 2.371873065289246
3.870000000000017e-06 2.3779914357562197
3.880000000000017e-06 2.3841431532916193
3.890000000000017e-06 2.3903035566807467
3.900000000000017e-06 2.396445212994472
3.910000000000017e-06 2.4025874584194993
3.920000000000017e-06 2.4087308120505657
3.930000000000016e-06 2.4148621662732848
3.940000000000016e-06 2.420998806293568
3.9500000000000155e-06 2.4271377650333674
3.9600000000000154e-06 2.433250809294181
3.970000000000015e-06 2.439377246441652
3.980000000000015e-06 2.445557511244214
3.990000000000015e-06 2.4517025707903626
4.000000000000014e-06 2.457870911357258
4.010000000000014e-06 2.4640095158777413
4.020000000000014e-06 2.4701442970946785
4.030000000000014e-06 2.4762855912007167
4.040000000000014e-06 2.4824387836755557
4.050000000000014e-06 2.488574732935474
4.060000000000013e-06 2.494718632661494
4.070000000000013e-06 2.500885599790294
4.080000000000013e-06 2.507059860732645
4.0900000000000125e-06 2.513189493527641
4.100000000000012e-06 2.51933390722034
4.110000000000012e-06 2.5254806605757807
4.120000000000011e-06 2.5316320441436586
4.130000000000011e-06 2.5377770550109537
4.140000000000011e-06 2.543910223507153
4.150000000000011e-06 2.550058913015148
4.160000000000011e-06 2.55620202046529
4.170000000000011e-06 2.5623297583599585
4.18000000000001e-06 2.568478847529762
4.19000000000001e-06 2.574644603667876
4.20000000000001e-06 2.5807964639953154
4.21000000000001e-06 2.586959619903998
4.2200000000000096e-06 2.593103549193079
4.2300000000000095e-06 2.599248039909852
4.2400000000000085e-06 2.605375013139262
4.2500000000000084e-06 2.61151921835374
4.260000000000008e-06 2.617659036170445
4.270000000000008e-06 2.6238108406018927
4.280000000000008e-06 2.6299696573425777
4.290000000000008e-06 2.636125164391324
4.300000000000008e-06 2.642284701257076
4.310000000000007e-06 2.6484413855642686
4.320000000000007e-06 2.654564424824902
4.330000000000007e-06 2.660691686594927
4.340000000000007e-06 2.6668220043802013
4.350000000000007e-06 2.672955715374268
4.3600000000000065e-06 2.679093034668057
4.370000000000006e-06 2.685242851875578
4.3800000000000055e-06 2.691386208733867
4.390000000000005e-06 2.697542959146406
4.400000000000005e-06 2.7036800091047373
4.410000000000005e-06 2.709821593369513
4.420000000000005e-06 2.7159581032572624
4.430000000000004e-06 2.7220961247343847
4.440000000000004e-06 2.7282243626758875
4.450000000000004e-06 2.734377404228706
4.460000000000004e-06 2.7405235496629383
4.470000000000004e-06 2.7466838668415683
4.480000000000004e-06 2.752871448874223
4.490000000000003e-06 2.7589935902527856
4.500000000000003e-06 2.765146337775722
4.5100000000000026e-06 2.77127260221538
4.5200000000000025e-06 2.7774295779695537
4.530000000000002e-06 2.78357186980656
4.540000000000002e-06 2.7897129205406004
4.550000000000002e-06 2.7958675142939446
4.560000000000001e-06 2.80202405566512
4.570000000000001e-06 2.808162142676279
4.580000000000001e-06 2.814312093469157
4.590000000000001e-06 2.8204578612704987
4.600000000000001e-06 2.8266089219154336
4.610000000000001e-06 2.832751577181717
4.62e-06 2.8389095971925173
4.63e-06 2.845064795735147
4.64e-06 2.8512210425932794
4.6499999999999995e-06 2.8573726767288523
4.6599999999999994e-06 2.8635318954458318
4.669999999999999e-06 2.869687224439664
4.679999999999998e-06 2.8758555134483923
4.689999999999998e-06 2.8820011799018763
4.699999999999998e-06 2.8881499734546403
4.709999999999998e-06 2.894285866631522
4.719999999999998e-06 2.9004253118402903
4.729999999999998e-06 2.9065721802815885
4.739999999999997e-06 2.912711254980881
4.749999999999997e-06 2.9188544176676734
4.759999999999997e-06 2.9250051070939915
4.769999999999997e-06 2.9311315624969323
4.779999999999997e-06 2.937290289047443
4.7899999999999965e-06 2.9434265224817646
4.7999999999999955e-06 2.9495511945067885
4.8099999999999955e-06 2.955690673718191
4.819999999999995e-06 2.961829090210701
4.829999999999995e-06 2.9679834366939315
4.839999999999995e-06 2.9741317820094024
4.849999999999995e-06 2.9802679115171657
4.859999999999995e-06 2.9864039224970202
4.869999999999994e-06 2.992570816968881
4.879999999999994e-06 2.998697296304569
4.889999999999994e-06 3.0048387975666624
4.899999999999994e-06 3.0109799996062576
4.909999999999994e-06 3.017127173592631
4.9199999999999936e-06 3.023269562299519
4.929999999999993e-06 3.0294138911099413
4.9399999999999925e-06 3.035550966133921
4.949999999999992e-06 3.041693994358558
4.959999999999992e-06 3.0478445036211093
4.969999999999992e-06 3.0539861343837478
4.979999999999992e-06 3.0601343442144495
4.989999999999991e-06 3.0662721543187397
4.999999999999991e-06 3.072416184190205
5.009999999999991e-06 3.0785490945313465
5.019999999999991e-06 3.0847179371943243
5.029999999999991e-06 3.0908537952172166
5.039999999999991e-06 3.0970061337186228
5.04999999999999e-06 3.103148467061928
5.05999999999999e-06 3.109271791874394
5.0699999999999896e-06 3.1154560770818636
5.0799999999999895e-06 3.121586180571169
5.089999999999989e-06 3.127733337326237
5.099999999999989e-06 3.1338909267947628
5.109999999999988e-06 3.1400454158363873
5.119999999999988e-06 3.146209769665771
5.129999999999988e-06 3.1523524482438634
5.139999999999988e-06 3.1584877840499193
5.149999999999988e-06 3.1646386521034207
5.159999999999988e-06 3.1707909568200967
5.169999999999988e-06 3.176915315617094
5.179999999999987e-06 3.18307127791061
5.189999999999987e-06 3.1892147557376607
5.199999999999987e-06 3.19535108908455
5.2099999999999865e-06 3.2014678329402417
5.2199999999999864e-06 3.2076414890954594
5.229999999999986e-06 3.2138023283149146
5.239999999999985e-06 3.2199595258678015
5.249999999999985e-06 3.226100248433634
5.259999999999985e-06 3.2322335871653816
5.269999999999985e-06 3.2383698440794957
5.279999999999985e-06 3.2445154735314974
5.289999999999985e-06 3.250667627812901
5.299999999999984e-06 3.2568057294352735
5.309999999999984e-06 3.2629663942233837
5.319999999999984e-06 3.2691102875059053
5.329999999999984e-06 3.2752450596875335
5.339999999999984e-06 3.2813847343873133
5.3499999999999835e-06 3.287538395270193
5.3599999999999826e-06 3.2936937777696143
5.3699999999999825e-06 3.2998464587330414
5.379999999999982e-06 3.3059987113664766
5.389999999999982e-06 3.3121269694495883
5.399999999999982e-06 3.3183048324412106
5.409999999999982e-06 3.3244568885077794
5.419999999999982e-06 3.3305928639711806
5.429999999999981e-06 3.336749825693697
5.439999999999981e-06 3.3428813538928153
5.449999999999981e-06 3.3490351018847884
5.459999999999981e-06 3.3551862322134056
5.469999999999981e-06 3.361349169101882
5.4799999999999806e-06 3.367500116579686
5.48999999999998e-06 3.373629307335667
5.4999999999999795e-06 3.379766373950823
5.5099999999999794e-06 3.385897655001828
5.519999999999979e-06 3.3920383122053868
5.529999999999979e-06 3.3981835794295225
5.539999999999979e-06 3.4043424084498035
5.549999999999978e-06 3.4104694531875284
5.559999999999978e-06 3.416617312235496
5.569999999999978e-06 3.4227535741166357
5.579999999999978e-06 3.4288988622987464
5.589999999999978e-06 3.4350438196482784
5.599999999999978e-06 3.4412155668790763
5.609999999999977e-06 3.4473769546118396
5.619999999999977e-06 3.453507368241859
5.629999999999977e-06 3.4596818439989128
5.6399999999999765e-06 3.465842897817605
5.649999999999976e-06 3.471974532130432
5.659999999999976e-06 3.4781277656099796
5.669999999999975e-06 3.4842758625796724
5.679999999999975e-06 3.4904255662171644
5.689999999999975e-06 3.4965706721709062
5.699999999999975e-06 3.50271466101864
5.709999999999975e-06 3.5088489705065493
5.719999999999975e-06 3.5150032713297383
5.729999999999975e-06 3.5211453437858333
5.739999999999974e-06 3.527294921905923
5.749999999999974e-06 3.533447548258096
5.759999999999974e-06 3.5395985698233474
5.7699999999999736e-06 3.5457649187753675
5.7799999999999735e-06 3.5519117220661127
5.789999999999973e-06 3.558058710285623
5.799999999999972e-06 3.5642038648575576
5.809999999999972e-06 3.5703495992434853
5.819999999999972e-06 3.576503148155312
5.829999999999972e-06 3.5826498931839668
5.839999999999972e-06 3.5888012733156023
5.849999999999972e-06 3.5949507392562476
5.859999999999971e-06 3.6011052592377975
5.869999999999971e-06 3.607254149474268
5.879999999999971e-06 3.6133640323869662
5.889999999999971e-06 3.6195102769080654
5.899999999999971e-06 3.6256671383429793
5.9099999999999705e-06 3.631788972294298
5.91999999999997e-06 3.637929543353267
5.9299999999999695e-06 3.6440836829396943
5.939999999999969e-06 3.650219908400979
5.949999999999969e-06 3.656356302663054
5.959999999999969e-06 3.662517795527389
5.969999999999969e-06 3.668640422814808
5.979999999999969e-06 3.674795920563326
5.989999999999968e-06 3.680934992993558
5.999999999999968e-06 3.6871054974880053
6.009999999999968e-06 3.693258390602293
6.019999999999968e-06 3.6993984749416335
6.029999999999968e-06 3.7055332473540203
6.039999999999968e-06 3.7116643148216015
6.049999999999967e-06 3.7178096348091456
6.0599999999999665e-06 3.72394828856514
6.0699999999999664e-06 3.7300909123177357
6.079999999999966e-06 3.736252394153242
6.089999999999966e-06 3.742407276293681
6.099999999999966e-06 3.7485689413705656
6.109999999999965e-06 3.7547158256241535
6.119999999999965e-06 3.760864132539554
6.129999999999965e-06 3.76701064850643
6.139999999999965e-06 3.7731625009445087
6.149999999999965e-06 3.779309106467404
6.159999999999965e-06 3.7854644892723814
6.169999999999964e-06 3.791596008142248
6.179999999999964e-06 3.7977479056064523
6.189999999999964e-06 3.8038766323540907
6.1999999999999635e-06 3.810011958245528
6.209999999999963e-06 3.816152008553452
6.219999999999963e-06 3.8222912896983288
6.229999999999962e-06 3.8284301811988457
6.239999999999962e-06 3.8345857509929626
6.249999999999962e-06 3.8407259648567753
6.259999999999962e-06 3.846858876746275
6.269999999999962e-06 3.85301087448796
6.279999999999962e-06 3.8591525131427313
6.289999999999962e-06 3.865312944841847
6.299999999999961e-06 3.8714615953205813
6.309999999999961e-06 3.8775991901114106
6.319999999999961e-06 3.8837531417026447
6.3299999999999606e-06 3.8898872284197905
6.3399999999999605e-06 3.896046954087737
6.34999999999996e-06 3.9021981297573043
6.3599999999999594e-06 3.9083443587393925
6.369999999999959e-06 3.9145165394102657
6.379999999999959e-06 3.920654997864375
6.389999999999959e-06 3.9268032521250515
6.399999999999959e-06 3.9329523338150825
6.409999999999959e-06 3.939091483938344
6.419999999999958e-06 3.945234345288388
6.429999999999958e-06 3.951381057281042
6.439999999999958e-06 3.9575455940829114
6.449999999999958e-06 3.9636880368140233
6.459999999999958e-06 3.969825541357751
6.4699999999999575e-06 3.9759664962621217
6.479999999999957e-06 3.9821220701302176
6.4899999999999565e-06 3.988263409002126
6.499999999999956e-06 3.994426179915467
6.509999999999956e-06 4.000574654671627
6.519999999999956e-06 4.0067313985756865
6.529999999999956e-06 4.012869271251334
6.539999999999956e-06 4.01900876058449
6.549999999999955e-06 4.025133913915805
6.559999999999955e-06 4.0312836512525205
6.569999999999955e-06 4.037428072024165
6.579999999999955e-06 4.043556709135099
6.589999999999955e-06 4.0496823032470965
6.599999999999955e-06 4.055823016070263
6.609999999999954e-06 4.061969502117366
6.6199999999999536e-06 4.068113050055304
6.6299999999999535e-06 4.07424436017572
6.639999999999953e-06 4.080373931051312
6.649999999999953e-06 4.0865336554976635
6.659999999999953e-06 4.092694203003142
6.669999999999952e-06 4.098845348335114
6.679999999999952e-06 4.104971587470408
6.689999999999952e-06 4.111119630191183
6.699999999999952e-06 4.117275244468199
6.709999999999952e-06 4.123421900555243
6.719999999999952e-06 4.1295671902910875
6.729999999999951e-06 4.13569120787515
6.739999999999951e-06 4.141819158279073
6.749999999999951e-06 4.1479520079392
6.7599999999999505e-06 4.154086272625046
6.7699999999999504e-06 4.160219740773836
6.77999999999995e-06 4.166353983212653
6.789999999999949e-06 4.172510471817095
6.799999999999949e-06 4.178654367576742
6.809999999999949e-06 4.184818204215125
6.819999999999949e-06 4.19095696614523
6.829999999999949e-06 4.197106923186066
6.839999999999949e-06 4.203255103284868
6.849999999999949e-06 4.2094095941266145
6.859999999999948e-06 4.2155705784566955
6.869999999999948e-06 4.221712033126245
6.879999999999948e-06 4.227855274053048
6.889999999999948e-06 4.233987613809455
6.8999999999999475e-06 4.240133429753891
6.909999999999947e-06 4.246274038347826
6.9199999999999465e-06 4.252422064442594
6.929999999999946e-06 4.2585713202154984
6.939999999999946e-06 4.2647059895286
6.949999999999946e-06 4.270848884405371
6.959999999999946e-06 4.2769908526896625
6.969999999999946e-06 4.283113958518742
6.979999999999945e-06 4.289262032173291
6.989999999999945e-06 4.295388716939665
6.999999999999945e-06 4.301528562634698
7.009999999999945e-06 4.307675732060409
7.019999999999945e-06 4.313830072534257
7.0299999999999446e-06 4.319981736932684
7.039999999999944e-06 4.326109099242172
7.0499999999999435e-06 4.332248745697672
7.059999999999943e-06 4.338394491120857
7.069999999999943e-06 4.344516434951307
7.079999999999943e-06 4.350665879306983
7.089999999999943e-06 4.356818714603126
7.099999999999943e-06 4.362968193210521
7.109999999999942e-06 4.369116186610734
7.119999999999942e-06 4.375234825084655
7.129999999999942e-06 4.381391482089417
7.139999999999942e-06 4.3875165641171545
7.149999999999942e-06 4.393671443761135
7.159999999999942e-06 4.399806970312641
7.169999999999941e-06 4.40592727562997
7.1799999999999406e-06 4.412072522555256
7.1899999999999405e-06 4.418196107876757
7.19999999999994e-06 4.4243539208188265
7.20999999999994e-06 4.4305053871659466
7.21999999999994e-06 4.436661289857471
7.229999999999939e-06 4.442802727628423
7.239999999999939e-06 4.448959378808936
7.249999999999939e-06 4.455093719458594
7.259999999999939e-06 4.4612370888579775
7.269999999999939e-06 4.467363243628175
7.279999999999939e-06 4.473506861360487
7.289999999999938e-06 4.4796487303006876
7.299999999999938e-06 4.4857954975181595
7.309999999999938e-06 4.491920379912787
7.3199999999999375e-06 4.49806203088548
7.3299999999999374e-06 4.504213106249058
7.339999999999937e-06 4.5103515170239294
7.349999999999936e-06 4.51649611604477
7.359999999999936e-06 4.5226344578852
7.369999999999936e-06 4.528780268426533
7.379999999999936e-06 4.534914951687452
7.389999999999936e-06 4.541060665836144
7.399999999999936e-06 4.547192777968873
7.409999999999936e-06 4.553351069949118
7.419999999999935e-06 4.559496847610821
7.429999999999935e-06 4.56563418241807
7.439999999999935e-06 4.571793492980751
7.449999999999935e-06 4.577933998523964
7.4599999999999345e-06 4.5840598098767655
7.469999999999934e-06 4.590209076260554
7.4799999999999335e-06 4.596361798354527
7.489999999999933e-06 4.6025084575447535
7.499999999999933e-06 4.608669894810493
7.509999999999933e-06 4.614830694809453
7.519999999999933e-06 4.620984184893018
7.529999999999933e-06 4.627129605112472
7.539999999999932e-06 4.633263934964048
7.549999999999932e-06 4.63940693041162
7.559999999999932e-06 4.645546068826114
7.569999999999932e-06 4.651664777022925
7.579999999999932e-06 4.65781792255304
7.5899999999999316e-06 4.66396530382807
7.599999999999931e-06 4.670120654696868
7.6099999999999305e-06 4.676261458118
7.6199999999999304e-06 4.6824132732971036
7.62999999999993e-06 4.688562030085433
7.63999999999993e-06 4.694710457225908
7.64999999999993e-06 4.700844405343691
7.65999999999993e-06 4.706999148303396
7.66999999999993e-06 4.713151032748445
7.67999999999993e-06 4.7192848572816795
7.68999999999993e-06 4.72542966861972
7.699999999999928e-06 4.73158424178989
7.709999999999928e-06 4.737727355879216
7.719999999999928e-06 4.7438711706202765
7.729999999999928e-06 4.749983534610831
7.739999999999928e-06 4.756120930153586
7.749999999999927e-06 4.762266179023761
7.759999999999927e-06 4.768423363969486
7.769999999999927e-06 4.774552988710001
7.779999999999927e-06 4.780711533917961
7.789999999999927e-06 4.786853068370361
7.799999999999927e-06 4.792996507930139
7.809999999999927e-06 4.79911619417114
7.819999999999925e-06 4.805282224800547
7.829999999999925e-06 4.811415082277098
7.839999999999925e-06 4.817533235212501
7.849999999999925e-06 4.823664991374231
7.859999999999925e-06 4.829823839082143
7.869999999999925e-06 4.835985952579361
7.879999999999925e-06 4.842117171933498
7.889999999999924e-06 4.848261085668698
7.899999999999924e-06 4.854387660263182
7.909999999999924e-06 4.860520219863401
7.919999999999924e-06 4.86666873895403
7.929999999999924e-06 4.872817531513294
7.939999999999922e-06 4.878967724210598
7.949999999999922e-06 4.885126723978331
7.959999999999922e-06 4.891298263029938
7.969999999999922e-06 4.897465566507805
7.979999999999922e-06 4.903616283610817
7.989999999999922e-06 4.909773147603488
7.999999999999922e-06 4.915912475427165
8.009999999999922e-06 4.922044282308981
8.019999999999922e-06 4.928197709453449
8.029999999999921e-06 4.934347105641759
8.039999999999921e-06 4.940495354453784
8.049999999999921e-06 4.946640355266944
8.059999999999921e-06 4.952794039893986
8.06999999999992e-06 4.958940914846523
8.07999999999992e-06 4.965100189133179
8.08999999999992e-06 4.971241791211596
8.099999999999919e-06 4.977368100905645
8.109999999999919e-06 4.983503082550524
8.119999999999919e-06 4.989641474792801
8.129999999999919e-06 4.995768263548767
8.139999999999919e-06 5.001937458434399
8.149999999999919e-06 5.008085464707207
8.159999999999918e-06 5.01423597300175
8.169999999999918e-06 5.020388268011102
8.179999999999918e-06 5.026540010282021
8.189999999999917e-06 5.032681459611676
8.199999999999916e-06 5.038822863937387
8.209999999999916e-06 5.044968127563313
8.219999999999916e-06 5.051098110570792
8.229999999999916e-06 5.057230830568746
8.239999999999916e-06 5.063373341328973
8.249999999999916e-06 5.069521611130614
8.259999999999916e-06 5.075668918704911
8.269999999999916e-06 5.0818192344880435
8.279999999999916e-06 5.087959488679634
8.289999999999916e-06 5.094119872630105
8.299999999999915e-06 5.100256249887464
8.309999999999915e-06 5.1064082929690375
8.319999999999914e-06 5.112540719886537
8.329999999999913e-06 5.118694056051051
8.339999999999913e-06 5.124847798207088
8.349999999999913e-06 5.131001820387407
8.359999999999913e-06 5.137157636535153
8.369999999999913e-06 5.143290553793934
8.379999999999913e-06 5.149441252767333
8.389999999999913e-06 5.155600669478231
8.399999999999913e-06 5.161743177974727
8.409999999999913e-06 5.167893564504579
8.419999999999913e-06 5.1740558369062075
8.429999999999913e-06 5.180211066020263
8.43999999999991e-06 5.186346992300484
8.44999999999991e-06 5.19249951007829
8.45999999999991e-06 5.198642453076185
8.46999999999991e-06 5.2047843138980765
8.47999999999991e-06 5.210924319427088
8.48999999999991e-06 5.217069641257317
8.49999999999991e-06 5.223238386689485
8.50999999999991e-06 5.2293839126800075
8.51999999999991e-06 5.235515499814186
8.52999999999991e-06 5.241658363864708
8.53999999999991e-06 5.2478080191512815
8.54999999999991e-06 5.253952154523432
8.55999999999991e-06 5.260103464727651
8.569999999999908e-06 5.266232456402152
8.579999999999908e-06 5.2723932414582695
8.589999999999908e-06 5.2785328195556325
8.599999999999907e-06 5.284673057713581
8.609999999999907e-06 5.290838809777344
8.619999999999907e-06 5.296968627172119
8.629999999999907e-06 5.3031047204716275
8.639999999999907e-06 5.309237814361086
8.649999999999907e-06 5.315379687401542
8.659999999999907e-06 5.321498397864595
8.669999999999907e-06 5.3276303838312975
8.679999999999907e-06 5.333787230654187
8.689999999999905e-06 5.339919156068074
8.699999999999905e-06 5.3460632583277246
8.709999999999905e-06 5.352194393432471
8.719999999999905e-06 5.3583303530350905
8.729999999999905e-06 5.364486513768334
8.739999999999904e-06 5.370641025083396
8.749999999999904e-06 5.37679479327381
8.759999999999904e-06 5.382980265140973
8.769999999999904e-06 5.3891387658152645
8.779999999999904e-06 5.395282531647469
8.789999999999904e-06 5.401438288905501
8.799999999999904e-06 5.40757481695377
8.809999999999904e-06 5.413728566591275
8.819999999999902e-06 5.419858208560524
8.829999999999902e-06 5.425998558258684
8.839999999999902e-06 5.432136855946707
8.849999999999902e-06 5.438267225539232
8.859999999999902e-06 5.444406489092306
8.869999999999902e-06 5.450543723648174
8.879999999999901e-06 5.4566803040619085
8.889999999999901e-06 5.462818094170982
8.899999999999901e-06 5.468965796478635
8.909999999999901e-06 5.475118123466866
8.919999999999901e-06 5.481271262599139
8.929999999999901e-06 5.487413661544307
8.9399999999999e-06 5.49357334940822
8.949999999999899e-06 5.499730653286628
8.959999999999899e-06 5.505869937303537
8.969999999999899e-06 5.512023078275856
8.979999999999899e-06 5.518150736458704
8.989999999999899e-06 5.524310744967002
8.999999999999899e-06 5.530447367541266
9.009999999999898e-06 5.536599091464505
9.019999999999898e-06 5.542744696923257
9.029999999999898e-06 5.548885287538142
9.039999999999898e-06 5.5550403134973205
9.049999999999898e-06 5.561138062751235
9.059999999999896e-06 5.567272553751741
9.069999999999896e-06 5.573409469786614
9.079999999999896e-06 5.579551910306375
9.089999999999896e-06 5.585683672547041
9.099999999999896e-06 5.591817509413391
9.109999999999896e-06 5.5979581587927125
9.119999999999896e-06 5.60409060752131
9.129999999999896e-06 5.610246675258734
9.139999999999896e-06 5.616395052382738
9.149999999999895e-06 5.622535706616561
9.159999999999895e-06 5.628673511542107
9.169999999999895e-06 5.634820944206838
9.179999999999895e-06 5.640954609050214
9.189999999999893e-06 5.647103679657058
9.199999999999893e-06 5.653263763971615
9.209999999999893e-06 5.6593931762180745
9.219999999999893e-06 5.665527680556677
9.229999999999893e-06 5.671666724979748
9.239999999999893e-06 5.677822747951036
9.249999999999893e-06 5.6839648891600305
9.259999999999893e-06 5.690123232633678
9.269999999999893e-06 5.696266278560776
9.279999999999893e-06 5.702406288230609
9.289999999999892e-06 5.708572350281365
9.299999999999892e-06 5.714708113134496
9.30999999999989e-06 5.720852610808991
9.31999999999989e-06 5.726984794142342
9.32999999999989e-06 5.733124834147987
9.33999999999989e-06 5.739267228070631
9.34999999999989e-06 5.7454136055191505
9.35999999999989e-06 5.751566073090386
9.36999999999989e-06 5.75772322273808
9.37999999999989e-06 5.763859619070815
9.38999999999989e-06 5.770011840510641
9.39999999999989e-06 5.7761515707662925
9.40999999999989e-06 5.782287288091561
9.41999999999989e-06 5.788429470667208
9.42999999999989e-06 5.7945887353839
9.439999999999888e-06 5.8007412610457205
9.449999999999887e-06 5.806892520080586
9.459999999999887e-06 5.813027531106781
9.469999999999887e-06 5.819154675264659
9.479999999999887e-06 5.825304437192724
9.489999999999887e-06 5.831449375990682
9.499999999999887e-06 5.837613845046825
9.509999999999887e-06 5.843757748553397
9.519999999999887e-06 5.849902423623476
9.529999999999887e-06 5.856057800986945
9.539999999999887e-06 5.862189429257968
9.549999999999887e-06 5.8683509127993965
9.559999999999885e-06 5.874491437123163
9.569999999999885e-06 5.880627082763701
9.579999999999885e-06 5.886768614202896
9.589999999999884e-06 5.892919305929557
9.599999999999884e-06 5.899072818823211
9.609999999999884e-06 5.905211456069026
9.619999999999884e-06 5.911361726638827
9.629999999999884e-06 5.917495007008785
9.639999999999884e-06 5.923641621912371
9.649999999999884e-06 5.929772815054309
9.659999999999884e-06 5.935922628278414
9.669999999999884e-06 5.942064202904888
9.679999999999884e-06 5.948215112812388
9.689999999999882e-06 5.954341085403111
9.699999999999882e-06 5.960466333916973
9.709999999999882e-06 5.966611639527012
9.719999999999882e-06 5.972765976279954
9.729999999999881e-06 5.978912285757956
9.739999999999881e-06 5.985072053644011
9.749999999999881e-06 5.991208381371368
9.759999999999881e-06 5.997346653686333
9.769999999999881e-06 6.003495554407417
9.779999999999881e-06 6.009626856393303
9.789999999999881e-06 6.015790311870987
9.79999999999988e-06 6.021929091584165
9.809999999999879e-06 6.028080617927226
9.819999999999879e-06 6.034241668661723
9.829999999999879e-06 6.0403824054753965
9.839999999999879e-06 6.046532103388839
9.849999999999879e-06 6.0526691460069495
9.859999999999878e-06 6.058827167745807
9.869999999999878e-06 6.064966650315414
9.879999999999878e-06 6.071109247263833
9.889999999999878e-06 6.077268264878368
9.899999999999878e-06 6.08340969895494
9.909999999999878e-06 6.089562668912393
9.919999999999878e-06 6.095700064250339
9.929999999999876e-06 6.101867294590766
9.939999999999876e-06 6.108014792294948
9.949999999999876e-06 6.114166744790918
9.959999999999876e-06 6.120326428608477
9.969999999999876e-06 6.126483355929022
9.979999999999876e-06 6.132643175994555
9.989999999999876e-06 6.138776721673676
9.999999999999875e-06 6.144920913244185
1.0009999999999875e-05 6.151062283380808
1.0019999999999875e-05 6.1572087801268705
1.0029999999999875e-05 6.163350855780736
1.0039999999999875e-05 6.169521500976404
1.0049999999999875e-05 6.175658399818865
1.0059999999999873e-05 6.181805604572669
1.0069999999999873e-05 6.187966114557184
1.0079999999999873e-05 6.194117045930262
1.0089999999999873e-05 6.200247168451187
1.0099999999999873e-05 6.206367419990149
1.0109999999999873e-05 6.212527771818838
1.0119999999999873e-05 6.218682465527135
1.0129999999999873e-05 6.224838961619537
1.0139999999999872e-05 6.230981136497553
1.0149999999999872e-05 6.237115762731737
1.0159999999999872e-05 6.24325325178702
1.0169999999999872e-05 6.24939176357419
1.017999999999987e-05 6.255525912021861
1.018999999999987e-05 6.261677101675956
1.019999999999987e-05 6.267817890104849
1.020999999999987e-05 6.273970943527856
1.021999999999987e-05 6.280104745004552
1.022999999999987e-05 6.286253883668796
1.023999999999987e-05 6.292409235905507
1.024999999999987e-05 6.298566564326068
1.025999999999987e-05 6.304700244320236
1.026999999999987e-05 6.310819561379772
1.027999999999987e-05 6.31694475529987
1.028999999999987e-05 6.323087764449711
1.029999999999987e-05 6.329235678003264
1.0309999999999867e-05 6.335384525167064
1.0319999999999867e-05 6.341543021728712
1.0329999999999867e-05 6.3476935929509715
1.0339999999999867e-05 6.353824838607042
1.0349999999999867e-05 6.3599897141514825
1.0359999999999867e-05 6.366165923929172
1.0369999999999867e-05 6.37231205610018
1.0379999999999867e-05 6.378442706059489
1.0389999999999867e-05 6.384596132198986
1.0399999999999867e-05 6.390746001536947
1.0409999999999866e-05 6.396904947667208
1.0419999999999866e-05 6.403047179733006
1.0429999999999865e-05 6.409198461861637
1.0439999999999864e-05 6.4153281741401065
1.0449999999999864e-05 6.42147760408905
1.0459999999999864e-05 6.4276181702242425
1.0469999999999864e-05 6.433757703211305
1.0479999999999864e-05 6.439908942727907
1.0489999999999864e-05 6.4460602565941185
1.0499999999999864e-05 6.4522089127015425
1.0509999999999864e-05 6.45835002130101
1.0519999999999864e-05 6.464498598505145
1.0529999999999864e-05 6.470631025829057
1.0539999999999864e-05 6.476775895022601
1.0549999999999863e-05 6.482905141584745
1.0559999999999862e-05 6.489038906616378
1.0569999999999862e-05 6.495179107652199
1.0579999999999861e-05 6.501322212149192
1.0589999999999861e-05 6.5074655147327185
1.0599999999999861e-05 6.5136029654121055
1.0609999999999861e-05 6.519730383553267
1.0619999999999861e-05 6.525886667020589
1.0629999999999861e-05 6.532029250701921
1.0639999999999861e-05 6.538175822499721
1.064999999999986e-05 6.544304751541499
1.065999999999986e-05 6.550434731893114
1.066999999999986e-05 6.556578604747156
1.0679999999999859e-05 6.562736432762943
1.0689999999999859e-05 6.568896444695649
1.0699999999999859e-05 6.575056300495822
1.0709999999999858e-05 6.581213177155281
1.0719999999999858e-05 6.587372505094512
1.0729999999999858e-05 6.593537391333071
1.0739999999999858e-05 6.599676816965603
1.0749999999999858e-05 6.605807460427859
1.0759999999999858e-05 6.611959771612253
1.0769999999999858e-05 6.618091617929129
1.0779999999999858e-05 6.624230732630577
1.0789999999999858e-05 6.63037969119399
1.0799999999999858e-05 6.636520704123078
1.0809999999999856e-05 6.642687158712444
1.0819999999999856e-05 6.648847633843207
1.0829999999999856e-05 6.654994813423923
1.0839999999999856e-05 6.661120912394797
1.0849999999999855e-05 6.667276234528965
1.0859999999999855e-05 6.6734410661233134
1.0869999999999855e-05 6.679576695908634
1.0879999999999855e-05 6.68571174424407
1.0889999999999855e-05 6.6918431456032
1.0899999999999855e-05 6.698004222665271
1.0909999999999855e-05 6.704161545822794
1.0919999999999855e-05 6.710308627659309
1.0929999999999853e-05 6.716452296061561
1.0939999999999853e-05 6.722593898445682
1.0949999999999853e-05 6.7287257668920235
1.0959999999999853e-05 6.734867295025458
1.0969999999999853e-05 6.740995347378033
1.0979999999999853e-05 6.7471320390891725
1.0989999999999852e-05 6.753266039199349
1.0999999999999852e-05 6.7594072217540155
1.1009999999999852e-05 6.765574892455232
1.1019999999999852e-05 6.771726019845478
1.1029999999999852e-05 6.777873809038902
1.1039999999999852e-05 6.784016769798981
1.104999999999985e-05 6.790174333995917
1.105999999999985e-05 6.796330664787556
1.106999999999985e-05 6.802474272590045
1.107999999999985e-05 6.808634140524819
1.108999999999985e-05 6.814800308605072
1.109999999999985e-05 6.820925870991394
1.110999999999985e-05 6.827061194968742
1.111999999999985e-05 6.833213648289957
1.112999999999985e-05 6.839368769624782
1.113999999999985e-05 6.8455100282460295
1.114999999999985e-05 6.85165505704728
1.1159999999999849e-05 6.857792563878761
1.1169999999999849e-05 6.863953277207742
1.1179999999999847e-05 6.870107736788157
1.1189999999999847e-05 6.876256937117221
1.1199999999999847e-05 6.88240719912139
1.1209999999999847e-05 6.888565837896961
1.1219999999999847e-05 6.894710110333635
1.1229999999999847e-05 6.900846741497448
1.1239999999999847e-05 6.906989157423997
1.1249999999999847e-05 6.913136723144569
1.1259999999999846e-05 6.919272939821696
1.1269999999999846e-05 6.925414621586087
1.1279999999999846e-05 6.9315454368608655
1.1289999999999846e-05 6.937677098030957
1.1299999999999844e-05 6.943826462312823
1.1309999999999844e-05 6.949976492932306
1.1319999999999844e-05 6.956108788154407
1.1329999999999844e-05 6.962260439428385
